$SPEC_ID:
No sample description was entered.
$SPEC_REM:
DET# 1
DETDESC# DESKTOP-3KSJ573 926
AP# Maestro Version 7.01
$DATE_MEA:
02/02/2026 15:09:12
$MEAS_TIM:
83701 83760
$DATA:
0 8191
       0
       0
       0
       0
       0
       0
       0
       0
       0
       0
       0
       0
       0
       0
       0
       0
       0
       0
       0
       0
       0
       0
       0
       0
       0
       0
       0
       0
       0
       0
       0
       0
       0
       0
       0
       0
       0
       0
       0
       0
       0
       0
       0
       0
       0
       0
       0
       0
       0
       0
       0
       1
       4
      14
      48
      87
     170
     194
     225
     260
     228
     259
     242
     230
     257
     199
     229
     230
     217
     224
     231
     217
     199
     203
     207
     156
     181
     178
     197
     178
     167
     169
     163
     179
     188
     174
     161
     173
     179
     156
     167
     150
     176
     151
     175
     161
     175
     157
     142
     158
     175
     133
     161
     158
     155
     147
     152
     141
     149
     142
     129
     138
     153
     145
     129
     137
     141
     148
     130
     135
     133
     149
     155
     123
     114
     124
     145
     118
     115
     132
     134
     115
     115
     120
     130
     108
     120
     109
     114
     106
      97
     107
     105
     130
     121
     108
     110
     120
      89
     114
     104
     101
     115
     106
     119
     104
     108
      93
     119
     113
     104
     110
     100
     101
     112
     109
     111
      91
     112
      85
      93
     116
     100
     101
     100
     105
     105
     122
     111
     106
      94
     107
     103
     102
     106
     107
     102
     103
      88
      94
     106
     111
      81
     111
      84
     121
     105
      96
     108
     112
      92
      94
      86
      87
      76
     116
      93
      91
     101
     101
      93
      88
      67
      79
      83
      75
      91
      84
      88
      96
      69
      81
      92
     100
      85
      69
      82
     101
      91
      86
      79
      80
      88
      91
      87
      72
      90
      81
      94
      75
      83
      92
      96
      90
      93
      73
      92
      67
      87
      85
      71
      69
      80
      74
      65
      89
      72
      74
      70
      80
      87
      72
      78
      82
      80
      66
      81
      85
      91
      88
      82
      78
      89
      78
      62
      81
      85
      81
      77
      75
      62
      92
      65
      81
      85
      90
      90
      74
      68
      75
      69
      57
      68
      93
      78
      94
      86
      64
      77
      74
      77
      76
      86
      60
      88
      73
      74
      59
      85
      83
      72
      68
      76
      98
      73
      76
      81
      81
      89
      79
      74
      80
      78
      67
      69
      70
      68
      80
      78
      66
      65
      78
      75
      69
      79
      68
      66
      65
      68
      69
      81
      67
      58
      69
      71
      84
      71
      87
      72
      61
      75
      78
      74
      69
      65
      72
      60
      74
      66
      79
      90
      70
      67
      63
      72
      52
      77
      72
      76
      66
      73
      59
      60
      63
      80
      64
      72
      69
      67
      84
      70
      77
      68
      71
      65
      76
      68
      69
      60
      68
      68
      61
      49
      97
      76
      74
      72
      87
      74
      76
      66
      81
      77
      53
      68
      73
      75
      72
      80
      76
      60
      67
      68
      76
      75
      67
      66
      65
      56
      68
      76
      66
      68
      79
      62
      70
      50
      64
      75
      80
      65
      64
      80
      70
      71
      72
      78
      73
      69
      78
      60
      65
      71
      83
      76
      74
      59
      67
      60
      80
      76
      69
      64
      61
      71
      76
      76
      77
      73
      71
      72
      67
      52
      55
      65
      60
      69
      74
      65
      64
      60
      71
      79
      76
      81
      65
      61
      70
      66
      53
      71
      74
      70
      68
      57
      72
      85
      62
      75
      79
      78
      73
      62
      57
      69
      71
      81
      59
      66
      69
      67
      66
      70
      86
      68
      69
      77
      88
      76
      66
      58
      67
      80
      68
      82
      81
      82
      60
      60
      71
      80
      79
      62
      67
      67
      67
      59
      68
      58
      65
      61
      68
      72
      87
      68
      68
      71
      68
      81
      77
      77
      78
      88
      87
      64
      66
      73
      76
      76
      66
      77
      76
      58
      67
      68
      67
      76
      73
      68
      69
      68
      72
      67
      62
      74
      63
      69
      74
      71
      65
      76
      77
      67
      76
      62
      77
      58
      68
      85
      65
      65
      64
      64
      78
      72
      67
      65
      62
      73
      84
      72
      74
      76
      69
      71
      69
      70
      77
      83
      84
      65
      72
      83
      76
      70
      72
      93
      73
      75
      77
      87
      93
      99
      99
     103
     106
     112
     100
      99
     109
     107
     106
     114
     111
      88
      90
      98
      94
      89
      87
      92
     108
     115
     118
     128
     131
     147
     159
     131
     152
     167
     135
     136
     140
     115
      96
      87
      91
     107
      82
      99
     100
      94
     103
      87
     104
      97
      89
     100
      94
      84
      90
      87
      76
      76
      87
      74
      85
      84
      80
      88
      79
     101
      96
      65
      98
      83
      73
      71
      59
      66
     107
      74
      78
      73
      77
      70
      69
      72
      73
     101
      75
      87
      68
      74
      78
      93
      75
      86
      69
      74
      83
      69
      86
      78
      81
      81
      95
      69
     102
      90
      80
     120
      98
      89
     101
     123
     115
     120
     109
     109
     104
     123
      94
     113
     107
     104
     112
     107
     114
      98
      76
      94
      88
      87
      86
     112
     107
     106
     114
     101
      95
      90
     102
      93
      87
     131
      95
      99
     107
      96
      83
      84
      93
      77
      78
      76
      90
      70
      75
      81
      82
      91
      94
      91
      85
      94
      77
      77
      94
      86
      90
      83
      82
      92
      89
      91
      93
     109
     110
     106
     111
     104
     121
     117
     121
     107
     113
     109
     136
     131
     123
     105
     112
      94
      93
      95
      91
      85
      81
     103
      96
      92
     100
      84
      93
      94
      90
      80
      88
      86
     101
      90
      80
     101
      80
      91
      83
      75
      98
     107
      89
      77
      83
     116
      74
      90
      95
      73
     104
      92
      94
      95
      91
      83
      88
      95
      74
      86
      93
      99
      82
      93
      84
      77
      84
      90
      87
      78
      76
      90
     104
     102
      80
     101
     114
      69
      76
      80
     109
      82
      85
      85
      93
      80
      93
      90
      99
      95
      91
     101
     106
      76
      94
      78
      86
      90
      93
     101
      96
      78
      98
      89
      88
      91
      87
     104
     102
      99
      83
      81
      97
     105
     103
     102
      89
      86
     110
      97
      80
      81
     100
      97
      88
      81
      80
      91
     104
      96
      86
      97
      83
      86
      98
      98
      87
      98
      90
      85
      98
      88
     106
      99
      97
      96
      76
      93
      97
      92
      91
      85
     104
      95
      84
      89
      79
      86
     108
      81
      99
      77
      88
      92
     102
      83
      99
      93
      92
      90
     100
     101
     102
     102
     100
      93
      83
     113
     108
      91
     101
      74
     101
     104
      98
      95
      97
      75
      91
     100
      94
      82
     101
      93
      97
      96
      96
      97
     110
      89
      88
      93
     102
      93
      93
     100
     101
     101
      77
      92
     100
      92
     103
     106
     102
     107
     104
     104
      79
      86
      93
      90
      92
      92
      98
      98
      94
      85
     102
     106
      73
     105
      92
      96
      87
     106
      98
      93
     108
     100
     102
      95
      98
      90
      92
      90
     105
     102
     110
     102
      88
      93
      88
     109
      95
      92
      84
      92
      87
      76
     111
      96
      99
     100
      89
      82
     112
     101
     100
      84
     115
      83
      96
      95
     113
     102
      93
      98
      98
      76
      83
     100
     106
      74
     110
      96
      96
     101
      85
      91
     110
      88
      92
      89
      91
     102
     102
      83
     112
      94
      73
      92
     104
      88
      78
     107
      86
      99
      88
      99
     119
      84
      99
      87
     102
     109
     102
      99
      80
      98
      80
      99
     105
     105
     103
      93
      94
     104
      98
     107
      96
      85
      95
      91
      95
      88
      89
      87
     103
      97
      97
     107
      95
      81
      90
      75
      79
      82
     108
      89
      85
      81
     100
     111
      89
     103
      83
     100
     103
      93
     103
     108
      88
      96
      91
      97
     108
      98
     103
      91
      93
     106
     102
      73
      80
     107
     107
      88
      90
      81
      90
      85
     107
      86
      99
      79
      89
      91
      88
      92
      97
     119
     111
      90
     102
     103
      99
     102
      94
      89
      82
     109
      95
      92
      92
      86
     101
      92
      87
      89
      99
      85
      90
      95
     101
     112
      93
      72
     108
      86
     102
      92
      91
      78
     106
      87
      93
      98
      98
     114
      99
      87
     104
      81
     105
      98
      78
      98
      82
      85
      90
      87
      80
      95
      95
      76
     103
     103
      88
      84
      87
      94
      85
      79
      83
      84
     100
      89
      89
      80
     100
      97
     100
      90
      76
      98
      94
      94
      91
      85
      97
      84
      97
      85
      90
      85
      93
      94
      86
      84
      94
      81
      93
      94
     100
      89
      80
      92
      99
     108
      81
      85
     101
      79
      86
      86
      76
      76
     109
      83
      94
     100
      87
      87
      94
      97
      93
      93
      84
      85
      91
      85
      80
      90
      77
      88
      85
      89
      86
      96
      79
      83
      91
      98
      99
      84
      82
     111
      82
      88
      90
      94
      98
     100
      86
      93
      82
      90
      92
      96
      92
      95
      86
      89
      89
      91
      85
      89
      83
      80
      81
      80
      84
      81
      80
      93
      82
      85
      78
      99
      74
      79
      82
      89
      86
      73
      85
      77
      88
      85
      80
      98
      87
      77
      81
     100
      88
      89
      76
      86
      73
      84
      78
      76
      85
      74
      87
      65
      90
     103
      90
      93
      83
      74
      90
      98
      85
     103
      83
      88
      92
      91
      88
      83
      65
      67
      85
      92
      81
      90
      97
      98
      75
      77
      95
      91
      76
      88
      90
      86
      79
      82
      73
      88
      87
      77
      77
      89
      76
      79
      83
      83
      86
      85
      78
      99
      86
      85
      75
      85
      84
      90
      93
      89
      93
      77
      71
      84
      88
     104
      81
      89
      78
      96
      76
      85
      88
      72
      81
      88
      69
      80
      94
      69
      77
      84
      83
      81
      77
      68
      76
      76
      75
      83
      70
      79
      70
      67
      81
      71
      73
      76
      78
      91
      90
      74
      86
      81
      97
      91
      86
      76
      78
      77
      75
      70
      81
      85
      74
      80
      80
      69
      85
      75
      84
      84
      77
      68
      93
      69
      76
      73
      89
      68
      80
      67
      78
      80
      78
      84
      82
      87
      82
      81
      83
      78
      75
      87
      87
      83
      71
      84
      78
      74
      85
      85
      80
      64
      77
      76
      72
      69
      67
      60
      82
      68
      69
      81
      92
      65
      66
      79
      69
      70
      77
      87
      72
      72
      88
      69
      81
      55
      90
      84
      74
      91
      57
      78
      68
      69
      79
      81
      84
      87
      84
      80
      77
      82
      85
      69
      73
      92
      95
      93
      99
     108
     107
     105
     108
     105
     102
      94
     126
     112
      92
     105
      84
      77
      90
      75
      81
      73
      68
      71
      81
      70
      96
      84
      66
      85
      70
      88
      72
      64
      65
      77
      86
      70
      88
      69
      64
      59
      86
      59
      87
      67
      72
      89
      73
      75
      81
      71
      58
      72
      63
      78
      69
      74
      64
      68
      61
      81
      83
      61
      65
      78
      80
      63
      90
      73
      60
      76
      73
      68
      76
      74
      66
      71
      62
      66
      69
      76
      80
      64
      61
      78
      62
      88
      96
      69
      63
      58
      70
      54
      63
      84
      72
      81
      87
      58
      69
      65
      68
      76
      78
      69
      82
      81
      66
      73
      84
      60
      75
      77
      58
      67
      63
      58
      82
      74
      80
      79
      67
      74
      64
      80
      75
      85
      60
      66
      62
      75
      73
      60
      58
      60
      69
      62
      64
      63
      74
      67
      55
      76
      75
      64
      76
      68
      63
      62
      68
      72
      74
      61
      79
      63
      77
      59
      76
      83
      79
      56
      52
      53
      72
      76
      69
      61
      83
      59
      68
      66
      73
      55
      65
      76
      88
      79
      64
      68
      83
      69
      54
      61
      64
      58
      75
      81
      73
      79
      72
      60
      65
      60
      64
      78
      66
      66
      81
      59
      68
      66
      80
      55
      64
      60
      69
      73
      79
      71
      55
      86
      65
      73
      59
      60
      65
      79
      76
      61
      55
      75
      54
      65
      65
      67
      47
      76
      64
      63
      55
      56
      69
      70
      68
      65
      48
      66
      59
      62
      67
      73
      71
      61
      59
      54
      54
      71
      66
      67
      63
      58
      54
      68
      62
      69
      63
      54
      57
      72
      62
      57
      73
      63
      57
      52
      65
      50
      68
      57
      54
      72
      60
      50
      70
      60
      58
      55
      69
      59
      72
      51
      62
      69
      49
      55
      61
      64
      67
      69
      61
      62
      67
      41
      53
      71
      57
      71
      52
      65
      60
      63
      59
      49
      70
      59
      52
      66
      49
      59
      67
      59
      63
      70
      81
      46
      52
      61
      61
      45
      56
      62
      76
      42
      66
      68
      63
      41
      50
      72
      50
      63
      63
      60
      55
      62
      74
      53
      55
      62
      63
      56
      58
      55
      64
      58
      40
      62
      63
      59
      61
      55
      60
      44
      54
      56
      64
      73
      49
      45
      58
      57
      54
      63
      55
      60
      65
      66
      59
      69
      51
      86
      61
      52
      74
      61
      59
      57
      62
      53
      56
      69
      49
      62
      45
      57
      50
      58
      42
      60
      58
      50
      47
      53
      53
      62
      53
      56
      60
      46
      56
      57
      54
      53
      56
      56
      63
      53
      58
      65
      51
      52
      50
      48
      63
      53
      54
      47
      53
      67
      53
      58
      57
      54
      63
      61
      59
      49
      69
      60
      49
      62
      53
      64
      56
      51
      55
      50
      49
      53
      48
      57
      71
      54
      76
      62
      73
      52
      69
      86
      77
      91
      91
     102
      92
      85
      88
      93
      78
      70
      62
      65
      61
      67
      60
      56
      64
      53
      57
      57
      61
      52
      43
      77
      55
      54
      59
      57
      74
      71
      75
      68
      75
      72
      62
      84
      71
      58
      54
      46
      46
      48
      49
      47
      61
      40
      55
      43
      39
      62
      48
      49
      41
      44
      45
      53
      48
      45
      51
      62
      49
      46
      65
      50
      30
      41
      48
      53
      47
      49
      43
      39
      50
      35
      66
      44
      46
      56
      39
      51
      53
      47
      60
      39
      40
      58
      50
      52
      43
      40
      46
      41
      41
      47
      31
      41
      35
      43
      56
      56
      48
      48
      48
      43
      43
      47
      49
      43
      52
      46
      49
      44
      56
      47
      47
      51
      45
      50
      44
      49
      52
      39
      44
      42
      48
      39
      44
      52
      32
      43
      62
      46
      41
      51
      39
      49
      53
      51
      55
      55
      44
      59
      54
      45
      41
      50
      41
      46
      40
      43
      36
      40
      47
      38
      63
      46
      49
      40
      44
      48
      47
      39
      60
      38
      49
      37
      54
      42
      45
      48
      43
      44
      44
      43
      49
      48
      48
      50
      56
      41
      44
      44
      44
      38
      43
      53
      36
      63
      51
      39
      45
      36
      41
      35
      32
      39
      41
      41
      49
      36
      55
      56
      40
      48
      52
      52
      38
      54
      38
      42
      43
      44
      43
      40
      54
      38
      40
      45
      46
      49
      47
      56
      42
      47
      52
      40
      53
      51
      53
      40
      31
      35
      24
      54
      42
      38
      41
      44
      40
      45
      39
      37
      46
      50
      38
      51
      43
      40
      28
      39
      52
      41
      32
      36
      50
      43
      38
      46
      48
      35
      39
      52
      38
      41
      46
      39
      48
      55
      49
      42
      35
      41
      41
      51
      54
      41
      52
      50
      47
      46
      41
      43
      41
      36
      29
      38
      33
      50
      44
      47
      50
      41
      47
      38
      36
      39
      51
      46
      52
      44
      45
      38
      38
      46
      54
      51
      28
      38
      34
      41
      39
      34
      38
      26
      34
      56
      43
      39
      35
      37
      43
      26
      42
      45
      41
      33
      43
      46
      41
      42
      44
      50
      34
      39
      39
      40
      30
      37
      50
      42
      33
      37
      28
      26
      38
      51
      33
      28
      38
      48
      35
      41
      35
      32
      30
      30
      41
      37
      39
      42
      51
      42
      38
      52
      55
      43
      39
      43
      34
      44
      38
      34
      52
      41
      29
      46
      35
      40
      29
      29
      32
      30
      39
      39
      39
      38
      41
      48
      39
      36
      33
      38
      34
      37
      37
      32
      42
      46
      33
      43
      34
      37
      36
      37
      37
      45
      38
      38
      27
      32
      32
      39
      33
      26
      37
      41
      35
      41
      44
      31
      52
      35
      45
      47
      28
      28
      31
      39
      53
      48
      33
      40
      41
      39
      42
      33
      40
      25
      33
      39
      40
      37
      30
      40
      36
      36
      51
      35
      28
      33
      29
      40
      44
      38
      32
      39
      45
      42
      30
      41
      49
      38
      41
      45
      39
      41
      58
      47
      56
      57
      47
      54
      51
      82
      61
      61
      77
      80
      76
      75
      75
      80
      67
      58
      62
      45
      55
      52
      52
      38
      47
      39
      33
      36
      33
      31
      49
      34
      35
      40
      37
      32
      41
      34
      35
      36
      29
      32
      31
      34
      40
      46
      37
      42
      30
      38
      38
      28
      40
      41
      35
      38
      38
      34
      34
      41
      45
      34
      33
      51
      34
      34
      35
      42
      29
      33
      38
      32
      32
      25
      34
      41
      34
      35
      26
      37
      26
      33
      32
      47
      33
      39
      32
      32
      35
      38
      33
      34
      41
      38
      35
      34
      45
      36
      37
      41
      38
      34
      34
      35
      34
      33
      35
      43
      24
      29
      34
      31
      45
      34
      36
      45
      36
      41
      41
      31
      36
      33
      31
      38
      36
      34
      34
      28
      27
      29
      24
      27
      31
      32
      24
      38
      26
      24
      35
      31
      46
      39
      41
      38
      43
      34
      35
      24
      32
      31
      35
      24
      25
      39
      28
      32
      30
      46
      38
      38
      42
      34
      35
      25
      39
      43
      21
      24
      34
      31
      33
      29
      27
      27
      48
      30
      32
      26
      43
      36
      39
      30
      31
      28
      32
      29
      24
      53
      25
      30
      32
      31
      35
      28
      27
      46
      37
      30
      44
      34
      43
      40
      31
      43
      47
      31
      32
      23
      37
      33
      32
      26
      32
      36
      35
      39
      35
      27
      22
      38
      30
      35
      27
      37
      28
      28
      25
      25
      33
      29
      37
      35
      32
      30
      28
      36
      29
      34
      32
      41
      39
      31
      32
      30
      29
      35
      27
      28
      39
      32
      30
      30
      28
      29
      32
      24
      34
      24
      28
      29
      26
      32
      28
      31
      36
      38
      27
      32
      36
      35
      32
      24
      23
      29
      27
      26
      29
      37
      34
      27
      47
      31
      36
      35
      30
      37
      31
      41
      36
      42
      35
      39
      33
      26
      28
      23
      32
      35
      27
      26
      28
      30
      34
      36
      33
      32
      31
      29
      26
      38
      32
      21
      29
      36
      28
      44
      34
      34
      31
      24
      28
      28
      30
      32
      41
      28
      35
      36
      17
      33
      31
      36
      27
      34
      28
      28
      24
      42
      34
      30
      31
      22
      28
      35
      26
      33
      24
      39
      38
      25
      29
      34
      37
      23
      33
      20
      20
      40
      29
      33
      26
      24
      41
      32
      30
      30
      31
      35
      35
      32
      44
      40
      38
      28
      42
      40
      38
      35
      37
      45
      30
      36
      32
      27
      30
      29
      34
      23
      33
      34
      29
      28
      34
      24
      25
      29
      27
      36
      24
      26
      27
      25
      31
      27
      28
      39
      26
      28
      20
      30
      26
      30
      29
      33
      24
      30
      36
      23
      35
      21
      25
      18
      34
      26
      21
      23
      25
      29
      29
      22
      23
      24
      31
      21
      33
      25
      24
      28
      26
      20
      25
      26
      35
      30
      28
      26
      27
      23
      36
      27
      34
      23
      21
      25
      39
      29
      39
      25
      29
      32
      23
      15
      24
      28
      27
      38
      34
      27
      27
      22
      23
      39
      31
      27
      34
      28
      44
      36
      38
      48
      38
      59
      51
      74
      69
      84
      96
      92
     104
      84
      97
     103
      81
      96
      84
      64
      70
      51
      47
      31
      45
      43
      32
      28
      30
      25
      27
      28
      28
      25
      21
      34
      28
      27
      29
      20
      19
      37
      24
      35
      35
      17
      26
      22
      28
      31
      26
      24
      20
      29
      31
      24
      23
      31
      25
      24
      25
      21
      27
      23
      31
      25
      25
      19
      22
      30
      25
      38
      32
      25
      19
      21
      31
      27
      29
      21
      31
      17
      16
      26
      18
      24
      23
      29
      26
      20
      24
      28
      16
      23
      23
      30
      18
      30
      29
      19
      25
      17
      30
      32
      25
      27
      26
      14
      22
      21
      21
      20
      29
      29
      28
      29
      39
      21
      27
      26
      26
      25
      39
      20
      28
      28
      24
      16
      26
      20
      24
      20
      21
      29
      30
      34
      34
      19
      30
      36
      27
      16
      25
      26
      21
      29
      27
      24
      41
      24
      19
      29
      22
      28
      18
      30
      38
      38
      33
      26
      20
      35
      32
      27
      24
      26
      24
      27
      23
      26
      18
      23
      35
      26
      18
      25
      29
      31
      20
      24
      23
      31
      26
      32
      20
      34
      25
      25
      31
      26
      13
      29
      23
      18
      28
      29
      29
      33
      23
      17
      16
      22
      23
      23
      29
      23
      22
      27
      18
      29
      28
      26
      33
      30
      26
      32
      23
      29
      24
      30
      20
      24
      24
      23
      27
      20
      19
      23
      24
      22
      21
      29
      23
      22
      19
      30
      23
      18
      25
      27
      30
      24
      23
      21
      21
      24
      26
      23
      26
      27
      18
      23
      32
      24
      26
      22
      27
      20
      19
      27
      24
      21
      34
      28
      25
      24
      18
      23
      28
      27
      23
      21
      25
      28
      15
      25
      28
      23
      23
      20
      21
      22
      11
      21
      32
      25
      24
      26
      32
      28
      34
      25
      27
      21
      31
      22
      26
      23
      26
      23
      20
      20
      24
      21
      27
      28
      23
      29
      21
      21
      25
      31
      32
      23
      19
      24
      19
      25
      22
      20
      31
      31
      30
      19
      26
      25
      34
      25
      27
      23
      21
      22
      22
      20
      25
      22
      15
      28
      28
      19
      24
      33
      17
      22
      24
      26
      24
      22
      14
      19
      23
      19
      28
      26
      15
      17
      25
      24
      24
      23
      29
      28
      26
      18
      15
      24
      36
      22
      23
      15
      27
      14
      16
      33
      31
      27
      23
      22
      22
      29
      10
      24
      21
      19
      24
      21
      20
      23
      25
      27
      22
      30
      29
      15
      17
      22
      22
      22
      20
      26
      17
      22
      19
      20
      20
      20
      21
      23
      22
      33
      19
      22
      29
      27
      25
      16
      13
      23
      32
      23
      28
      19
      31
      21
      20
      28
      29
      25
      22
      18
      23
      20
      23
      26
      29
      20
      21
      24
      17
      23
      26
      18
      28
      23
      30
      28
      17
      21
      17
      26
      21
      22
      29
      18
      23
      23
      22
      15
      20
      21
      20
      25
      18
      18
      21
      23
      19
      14
      16
      23
      19
      24
      24
      24
      19
      27
      23
      18
      28
      32
      24
      19
      22
      19
      18
      19
      26
      14
      24
      22
      17
      23
      23
      22
      31
      33
      22
      23
      28
      20
      17
      27
      22
      24
      36
      19
      21
      29
      23
      22
      18
      18
      20
      15
      17
      27
      21
      21
      17
      15
      19
      23
      22
      25
      30
      27
      23
      17
      22
      22
      25
      16
      27
      25
      13
      15
      22
      31
      23
      28
      17
      24
      22
      17
      20
      21
      20
      12
      20
      17
      16
      24
      27
      22
      28
      21
      22
      20
      21
      27
      14
      20
      21
      26
      22
      27
      27
      20
      17
      25
      22
      20
      25
      36
      22
      20
      22
      23
      18
      26
      16
      23
      20
      24
      22
      25
      24
      16
      37
      15
      24
      22
      24
      16
      29
      29
      20
      20
      29
      15
      17
      21
      25
      17
      32
      26
      30
      20
      31
      29
      14
      20
      20
      16
      35
      25
      22
      25
      19
      14
      30
      25
      12
      18
      27
      24
      21
      19
      20
      14
      18
      13
      28
      20
      22
      21
      20
      24
      22
      16
      27
      19
      26
      24
      20
      17
      12
      20
      26
      32
      20
      16
      11
      27
      25
      31
      20
      13
      17
      34
      20
      27
      31
      26
      29
      27
      20
      23
      17
      20
      16
      25
      24
      22
      23
      27
      26
      15
      25
      21
      26
      24
      18
      12
      18
      19
      18
      21
      28
      22
      19
      20
      32
      25
      20
      29
      28
      21
      18
      16
      14
      25
      27
      20
      20
      20
      28
      25
      25
      15
      18
      19
      20
      15
      17
      22
      20
      13
      14
      21
      24
      13
      17
      16
      15
      28
      22
      16
      23
      19
      17
      15
      15
      25
      23
      19
      14
      23
      31
      17
      30
      17
      18
      22
      16
      22
      18
      20
      21
      20
      23
      23
      19
      16
      19
      17
      21
      14
      21
      16
      28
      24
      14
      25
      18
      21
      12
      24
      17
      16
      25
       8
      26
      16
      18
      17
      18
      21
      18
      15
      21
      18
      19
      20
      34
      15
      17
      29
      25
      17
      25
      18
      19
      14
      14
      26
      20
      20
      18
      31
      26
      16
      21
      19
      14
      25
      22
      17
      21
      16
      21
      11
      10
      23
      23
      15
      23
      22
      12
      19
      21
      16
      15
      23
      19
      19
      26
      19
      19
      21
      17
      18
      20
      20
      23
      18
      15
      14
      19
      19
      16
      15
      18
      19
      15
      16
      25
      17
      17
      26
      21
      13
      21
      17
      20
      20
      29
      16
      15
      19
      26
      22
      15
      19
      27
      23
      17
      30
      25
      16
      15
      18
      19
      23
      17
      21
      14
      20
      13
      16
      21
      23
      16
      20
      17
      20
      14
      20
      18
      22
      19
      19
      17
      19
      27
      19
      19
      21
      17
      21
      18
      20
      21
      21
      18
      16
      28
      13
      17
      18
      15
      19
      19
      15
      16
      25
      15
      16
      18
      15
      20
      14
      13
      12
      13
      22
      16
      18
      21
       9
      25
      18
      17
      18
      16
      13
      23
      21
      19
      20
      17
      16
      26
      14
      21
      21
      19
      20
      18
      19
      26
      21
      22
      26
      15
      20
      24
      23
      14
      24
      29
      25
      18
      19
      13
      16
      26
      18
      23
       9
      15
      23
      20
      21
      24
      18
      19
      19
      17
      17
      19
      22
      23
      25
      22
      29
      20
      10
      27
      16
      26
      13
      15
      12
      21
      15
      27
      21
      17
      19
      22
      19
      30
      15
      16
      20
      16
      18
      11
      14
      15
      21
      20
      14
      17
      15
      16
      16
      25
      18
      15
      16
      18
      25
      13
      15
      23
      10
      18
      21
      21
      25
      24
      25
      17
      18
      14
      15
      16
      18
      24
      29
      20
      13
      27
      17
      17
      18
      13
      15
      12
      17
      27
      22
       8
      21
      26
      20
      19
      22
      16
      20
      24
      15
      23
      16
      14
      18
      18
      15
      19
      14
      19
      12
      16
      15
      22
      11
      12
      24
       9
      18
      19
      22
      17
      18
      18
      20
      22
      16
      23
      24
      23
      14
      12
      18
      21
      18
      21
      26
      15
      19
      15
      19
      28
      19
      12
      15
      20
      15
      16
      14
      14
      19
      21
      19
      14
      23
      15
      25
      22
      18
      25
      23
       9
      12
      15
      17
      18
      22
      16
      16
      13
      13
      16
      15
      20
      22
      22
      11
      17
      23
      14
      23
      21
      23
      17
      11
      15
      24
      28
      12
      13
      20
      15
      16
      12
      19
      10
      16
      13
      14
      19
      23
       9
      17
      16
      15
      14
      22
      13
      23
      17
      25
      18
      13
      19
      21
      12
      17
      14
      23
      14
      14
      21
      24
      10
      15
      14
      16
      16
      19
      16
      18
      19
      13
      10
      17
      18
      16
      17
      16
      15
      20
      14
      14
      25
      20
      13
      14
      10
      20
      18
      22
      21
      17
      17
      22
      12
      17
      19
      12
      16
      17
      18
      14
      15
      10
      14
      19
      15
      14
      21
      12
      13
      20
      14
      19
      12
      18
      13
      19
      16
      15
      16
      15
      19
      15
      18
      12
      12
      10
      13
      14
      24
      19
      18
      11
      23
      23
      14
      18
      17
       8
      18
      23
      24
      15
      15
      21
      17
      15
      17
      20
      20
      17
       7
      16
      18
      18
      16
      12
      13
      16
      19
      12
      20
      12
      16
      14
      15
      19
      21
      12
      14
      21
      16
      14
      22
      16
      12
      24
      18
      18
      16
      15
      21
      25
      16
      17
      16
      21
      13
      28
      20
      15
      16
      16
      22
      12
      16
      17
      21
      20
      20
      18
      18
      15
      29
      24
      15
      28
      28
      26
      32
      26
      33
      38
      42
      32
      41
      50
      37
      48
      52
      63
      66
      60
      45
      64
      55
      52
      49
      53
      50
      50
      47
      49
      33
      43
      41
      37
      39
      24
      31
      24
      27
      20
      21
      24
      21
      23
      25
      11
      21
      20
      17
      20
      23
      13
      13
      21
      20
      18
      17
      17
      14
      14
      15
      12
      15
      15
      18
      15
      13
      11
      17
      22
      17
      14
      10
      15
      20
      10
      14
      17
      11
       9
      14
      20
      18
      14
      20
      26
      15
      15
      20
      13
      10
      14
      16
      16
      14
      25
      24
      17
      12
      17
      20
      14
      18
      14
      17
      16
      11
      20
      10
      17
      17
      13
      18
      10
      16
      18
      14
      12
      17
      13
      15
      13
      15
      15
      19
      18
      13
      17
      12
       8
      16
      16
      14
      15
      20
       6
      15
      10
      12
      13
      12
      10
      19
      15
      16
      18
      19
      22
      27
      14
      17
      19
      18
      18
      20
      19
      11
      18
      15
      16
      18
      15
      20
      15
      22
      20
      17
      11
      19
      15
      15
      10
      14
      10
      14
       9
      18
      18
      12
      19
      12
      13
      13
      17
      12
      19
      18
      12
      14
      14
       6
      15
       9
      17
      18
      12
      15
      15
      17
      12
      12
      12
      21
      16
      17
      13
      23
      16
      10
      13
      21
      15
      22
      10
      22
      21
      12
      17
      13
      17
      20
      12
      12
      17
      21
       8
       7
      12
      11
      12
      15
      18
      10
      18
      22
      15
      18
       8
      14
      13
      21
      13
      14
      15
      19
      17
      15
      15
      22
      19
      12
      15
      15
      16
      15
      18
      15
      19
      18
      20
      15
      11
      19
      21
      11
      11
      19
      10
      12
      18
      11
      15
      15
      18
      15
      17
      11
      15
      22
      19
      20
      13
      16
      18
      16
      16
      18
      13
      18
      18
      13
      18
       8
      18
      12
      11
      14
      18
      14
      11
      20
      19
      14
      14
      14
      23
      15
      15
      11
      21
      19
      16
      16
      11
      10
       9
      13
      12
      18
      16
      12
      15
      15
      17
      18
      21
      16
      11
      18
      14
      15
      16
       9
      13
      13
      12
      11
      16
      15
      15
      14
      17
       7
      17
       7
      18
      11
      14
      14
      11
      11
      16
      16
      17
      13
      10
      17
      16
      16
      13
      11
      19
      19
      16
      21
      19
       9
      12
      17
       5
      17
      15
      13
      15
      13
      15
       9
      16
      19
      16
      19
       8
       9
       8
      13
      14
      26
      12
      13
      15
      11
      13
      13
      11
      17
      15
      14
      11
      13
      14
      19
      12
      18
      21
      12
      15
      13
      10
      17
      15
      20
      12
      15
      16
      13
      12
       7
      17
      19
      12
      14
      13
      11
      15
      11
      10
      17
      10
      19
      23
      10
      10
      13
      16
      17
      15
      12
      12
      13
      24
      14
      15
      13
      14
      21
      11
      18
      11
      19
      13
      15
      16
      13
      12
      12
      19
      16
      10
      27
      20
      13
      10
      19
      10
      15
      12
      12
      23
      14
      14
       6
      15
      10
      13
      23
      15
      14
      16
      16
      16
      12
      17
      14
      21
      11
       8
      10
      15
      19
      18
      13
      12
      16
      15
      16
      11
      23
      10
      15
       8
      14
      18
      13
      14
      11
      16
      14
      13
       9
      11
      14
      14
      18
      16
      16
      10
      15
      11
      18
      21
      16
      13
      14
       7
       7
      15
      16
      15
      14
      18
      17
      15
      13
      18
      13
      12
      14
      17
      15
      15
      11
      14
      16
      16
      10
       8
      20
      10
      14
      24
      17
      13
      12
      12
      13
      17
      11
      10
      18
      14
      14
      12
      22
      13
      14
      11
      18
      22
      11
      20
      10
       7
      13
      12
       9
      11
      19
      24
      14
      21
      14
       8
      13
      13
      13
      23
      15
      23
      17
       7
      11
      17
      13
      16
      16
      14
      12
      13
      11
      12
      10
      17
      19
      12
      12
      17
      13
      16
      14
      11
      17
       4
      11
      23
      15
      18
      14
      18
      28
      18
      13
      27
      30
      29
      19
      30
      27
      22
      33
      30
      23
      28
      23
      23
      22
      34
      17
      17
      16
      13
      19
       9
      15
      16
      11
      15
      12
      14
      17
      19
      12
      11
      10
      17
      18
      16
      17
      16
      20
      15
      17
      18
      13
      15
      22
      19
      15
      10
       8
      14
      12
      14
      12
      13
      12
      10
      12
      15
      13
      15
      13
       9
      13
      12
      17
      14
      10
      16
       7
      19
       9
      12
      17
      22
       9
      20
      10
      14
      12
      11
      14
      14
      12
      26
      10
      15
      19
       7
      19
      13
      16
      16
       8
      16
      14
      17
      14
      11
       9
       8
      13
      15
      12
      13
      11
      13
      16
      13
       9
      13
      11
       9
      10
      18
      10
      11
      19
      14
      14
      16
      14
      18
      18
      18
      12
       9
      20
      14
      13
      21
       9
       9
      17
      10
      20
      18
      16
      14
      14
      11
      17
      16
      13
      11
      13
      14
      19
      13
      13
      17
      14
      14
       7
      14
      21
      12
      15
      13
      15
      11
      15
      12
      15
       9
      19
      13
       5
      14
      19
      15
      15
       6
      10
      13
       8
      12
      11
      20
      10
      15
      16
      19
      11
      10
       9
       9
      15
       6
      17
      10
      13
       7
      15
      13
      12
       7
      14
      14
      12
      16
      15
      19
      20
      13
      18
      17
      22
      24
      15
      15
      19
      19
      22
      22
      32
      27
      25
      38
      40
      33
      32
      41
      36
      55
      47
      50
      55
      52
      61
      44
      55
      58
      51
      50
      40
      45
      38
      31
      27
      26
      19
      24
      17
      13
      12
      19
      10
      10
       9
      11
      14
       9
      17
      13
      12
      12
      14
      13
      15
       9
       9
      13
       7
       8
      15
      13
       7
      14
       8
      16
      13
      12
      16
      12
      16
      13
      17
      11
       7
      13
      11
      10
      11
      12
      14
      18
      10
      18
       7
      10
       9
      16
      17
      10
      14
      15
      10
      20
      11
      12
      16
      11
      19
      12
      15
      15
      14
      17
      10
      14
      18
      10
      17
      14
      10
       7
      14
      13
      19
      12
      15
      15
      12
      12
      12
      15
      13
       6
      10
       4
      22
      12
      15
       5
      10
      11
      13
       7
      13
      14
      15
       9
      13
       5
      12
      21
      16
      13
      14
       6
      16
      18
      14
       8
      19
       9
      10
      13
      11
      16
      13
      13
       9
      14
       6
      17
      10
      17
      18
      13
       8
      13
      13
       9
      13
       9
      18
      14
      12
      14
       8
      11
      12
       8
       8
       4
       9
      11
      11
       8
      13
       5
      14
      14
      13
      19
      21
      10
      16
      14
      14
       5
      13
      13
      13
      11
      17
       8
      14
      15
      13
       8
      15
       7
      15
      14
      14
       8
      10
      15
      12
       8
       6
      11
      17
      11
      10
      10
       8
       8
      11
       8
      16
      15
      10
      15
      15
       9
      12
      16
      14
      11
      10
       8
      11
       8
      11
      16
      12
      13
      10
      11
      11
      11
       9
      11
      11
      12
      20
      13
      19
      13
      13
      12
      12
       7
      12
       9
       5
      13
       9
      11
      13
      12
       8
      17
       9
      15
      13
      13
       9
      14
      13
      14
      11
      12
      19
       9
      10
      16
      10
      13
      10
      13
      10
      10
       8
      15
       9
      22
      10
       9
      12
      21
      14
      17
       5
      10
       9
      15
       8
      10
      12
      13
      11
      10
      12
      11
      11
      15
      15
      14
      15
       6
       5
      12
      10
       8
      13
      12
       9
      14
      10
      13
      11
      18
      12
      10
      12
      11
      11
       8
      11
       8
      13
      12
      14
      17
      10
      17
      16
      12
      13
      10
      15
      19
      10
      10
       9
      18
      10
      10
      12
      16
      13
      11
      11
      11
      10
      12
      16
      14
      15
      14
      11
      14
      16
      14
       9
       5
       8
      10
       4
      17
      11
      18
      11
      15
       9
      10
       6
      14
      18
      12
       8
      14
      12
      17
       6
      15
      14
       9
      18
      14
      10
       7
       7
       9
       8
      14
       9
       9
       9
      13
       8
      13
      16
      11
       5
       8
      10
      23
      11
       8
       9
      14
      11
      14
      13
      12
      12
      14
      19
      10
      11
      12
      16
      20
       6
       7
      11
      13
      11
       8
      11
      11
       9
       6
      17
       6
      13
       9
      11
      15
      13
      20
      21
      11
       9
      17
      18
      18
      18
      10
      20
      25
      18
      17
      16
      23
      13
      15
      17
      26
      23
      19
      17
      11
      17
      18
      12
      11
      12
      13
       8
      17
       5
      14
      17
       9
      16
      14
      20
      11
      16
      15
      16
       7
      20
      19
      12
      15
      10
      14
       9
      14
      14
      11
      11
      17
       9
      18
       8
      12
       9
      18
       9
      14
       6
      10
      10
       8
      12
      13
      13
       9
       7
      16
      18
      10
       7
      14
      18
       9
      10
       9
      18
      12
      14
       5
       8
       8
      12
      14
      11
      18
       8
       9
      10
      12
      12
      18
      10
      17
       8
      14
      11
      13
      10
       8
      13
      18
       6
      14
      15
      13
      13
       6
      11
       9
      18
       7
      16
       9
      11
       9
      11
      12
      12
      11
      13
      14
       7
      15
      15
      10
      10
      15
      12
      10
       8
      15
      14
      10
      10
      12
       9
      11
      11
      12
      10
      11
       8
       9
       7
      12
      11
      10
      10
      13
      11
       8
      13
       9
      15
      13
       9
      18
      13
      19
      17
      17
       5
      10
      12
      10
      13
      11
      10
      10
      10
      12
      13
      14
      16
       8
       8
      10
      10
      12
      14
      16
       9
      10
      12
      12
       9
      11
      10
      12
      11
       8
      14
       6
      15
      10
      13
      15
       8
      13
       8
      13
       7
      13
      12
      13
       6
       7
      10
      18
      13
      17
       8
       8
      15
       9
      19
       7
      16
      11
      11
       8
      13
       9
      13
       7
      14
       7
      12
       5
      16
      10
       9
       6
      12
       9
      12
       9
      13
       3
       9
      13
      16
      12
      10
      11
      11
       9
      12
      12
       7
      11
       6
       8
      14
      14
      12
      10
       9
      13
      12
      15
      12
      13
      19
      12
       9
       9
       7
      13
       9
      11
      11
      11
      16
       8
       8
       8
      11
       9
      13
      15
       9
      10
      12
       9
      12
       9
      10
       8
       4
      12
       6
       6
       9
      14
      13
      18
      11
      12
      13
       8
       9
      12
      13
       9
      11
       5
       7
      10
      13
       7
      12
       7
       9
      18
       5
      17
       8
      17
       9
       8
       9
      16
      17
       9
       9
       8
      10
       9
      14
      16
      10
       9
      14
      12
      10
      10
       8
       4
      13
       9
       8
      13
      10
       7
      13
      12
       4
      16
      12
      12
      15
      10
      13
       8
      16
      10
      11
      12
      16
      11
       9
       8
      12
       7
       9
      17
      12
       6
      14
      11
      10
      15
      12
      14
      10
      24
       7
      10
      11
      12
      10
       8
       6
      14
      12
      10
      17
       9
      14
       5
      11
      13
      10
       9
       9
      10
      14
       8
      13
      10
      20
      10
       9
       9
      10
      12
       8
      18
      16
       6
       6
       8
       2
      12
      12
       7
      19
      17
      13
       6
      11
      12
      12
      12
       9
       5
       7
      13
      10
      11
      10
       7
      12
      17
       7
       8
      16
      11
      11
       9
      10
      14
      13
      16
      10
      17
       9
      10
       7
      10
       9
      14
       7
       9
       7
       9
       9
      11
      16
       8
      14
       5
      16
       8
      12
       8
       6
      11
       5
      13
      11
       6
      10
       5
      12
       9
      11
       7
      13
      12
      10
      12
       7
       5
      10
      16
      14
      12
      14
      18
      13
      12
       8
      14
      11
      16
      11
      11
       8
       7
       8
      11
       5
      10
       7
      11
       9
      15
       7
      12
      11
      10
      10
       9
      11
       9
      16
       8
       5
       8
       6
      13
      13
      10
      15
       9
      14
      10
      10
      12
      14
      13
       6
       6
      13
       5
       8
      13
      11
       9
      16
       9
       6
       8
       6
      15
      13
       8
      10
      13
      16
      11
      10
      17
      11
      16
      12
      15
       6
      11
       5
      11
      10
      19
      13
      11
      10
      10
      14
       8
       7
      10
      12
       8
      10
       9
       6
      13
       6
      15
       9
       5
      11
      12
      11
       6
      13
      11
       7
       8
      14
      14
      10
       9
      10
      13
      13
      11
      11
       6
      17
      13
       4
      10
      10
      11
      14
       6
       9
      13
      11
       9
       8
      13
       6
       7
      12
       8
      15
       9
      11
       8
      14
       9
       9
      13
       7
       7
       8
       7
       6
      14
      13
       5
      11
      11
       5
       3
      13
      17
       7
      15
       8
       9
      12
       9
       8
       9
      17
      14
      12
      10
      12
       7
      14
      12
      14
       9
      10
       7
       9
       9
       8
      13
      12
       8
      13
      10
      16
       7
       8
       8
      12
       8
      16
      11
      16
      13
      12
      14
      10
      15
       8
      13
      10
      14
       8
      11
      18
      13
      12
      13
      13
       7
       8
       9
       9
      14
      17
      12
       8
      12
       6
      13
      12
      15
      11
       9
      10
      12
       6
       7
       7
       9
       8
       8
       5
       5
       9
      11
      13
       7
      12
       9
      12
       7
       8
       8
      16
      13
      11
       9
       8
       5
       8
       6
       9
      12
       8
      10
       8
      12
       9
      11
      11
      10
      11
       9
      10
      11
      11
       7
       6
      11
      14
      12
       6
      12
       9
       8
      14
      12
      10
       7
      11
       8
       4
       6
       5
       7
       9
      10
      10
       8
       7
      10
       9
       9
       9
       8
      14
      11
      12
      14
       9
      12
      12
       6
       8
       6
      12
      10
       7
       6
       9
      11
      15
      13
       4
       7
      12
      14
       8
       7
       8
       6
      11
       8
      12
      10
      10
       7
       8
      11
      14
       8
       7
      10
       8
       7
       7
       7
       8
      14
      11
      10
       3
       6
      13
      10
      11
       9
      11
       8
      11
      11
      11
      11
      10
      14
       6
       3
      11
      13
      13
       6
      10
       6
       7
       8
      12
      14
      11
       9
       7
      10
       7
      18
      11
      10
       7
      10
      13
      18
      11
      10
      11
      11
       8
       7
       6
       7
      11
      10
      11
       6
       9
      13
      10
       8
      10
      11
      10
      14
      10
      12
      14
      10
      15
      22
       8
      17
      16
      14
      11
      12
       9
      19
      18
       9
       7
      10
      13
      12
      12
      10
      25
       8
      12
      10
      19
       8
      15
       6
      13
       8
       9
       9
       7
      19
      13
      12
       3
      10
      13
       7
      18
      12
       8
      14
       7
      15
      12
       8
       8
       5
      11
       9
       8
      11
      14
      13
      14
       8
      11
      14
       6
      11
      11
      11
      11
      15
       6
       8
      12
       6
      10
      14
      15
      10
       9
       9
      10
      12
       9
      11
       7
       8
      12
      14
       8
      12
       9
       9
       5
       8
      11
       9
      14
      10
      14
       7
      10
      11
      11
      14
      12
      12
       9
       6
      13
      12
      11
       8
       8
      11
       8
      14
       9
       6
      11
      11
      10
      14
      11
       6
       9
      10
      17
      10
       9
       8
      12
      10
       4
      11
       8
       9
       7
      11
      13
       9
      11
      10
      15
      11
      10
       7
       6
       8
      10
       5
       6
       9
       5
       7
      15
      11
      11
       8
       9
       5
      11
       7
      11
      16
      10
      12
      13
      14
       9
      19
       9
      11
       9
       6
      10
       1
      11
      15
       6
      12
      10
      10
      11
       5
       8
      11
       7
       6
       7
       8
      15
      11
      11
       5
       9
       9
      12
      13
       2
      16
      12
       8
       9
       8
       8
       5
       8
       6
      10
       7
      12
      11
       4
       6
      11
      12
      14
       9
       8
      10
       9
      17
      12
       8
      11
       6
       8
       7
      10
       7
      11
      11
      12
      16
      11
      13
       9
       6
      13
      12
       9
       8
      15
      15
      12
      12
      10
      13
      12
      10
       7
      12
       9
      14
      12
      13
       7
      13
       8
       4
       7
      13
       8
      12
       9
       9
       9
       7
       4
      10
       8
      13
      11
       5
       5
      11
      13
       9
       9
       8
      16
       2
       4
       8
       4
      11
       4
      10
       8
      17
      10
      11
      11
       7
       7
       6
      13
      11
       5
       7
      10
      12
       7
      15
      11
       9
      11
       9
       4
      13
       4
      11
      11
      11
       8
      12
       8
       6
       8
      17
       9
       9
       5
      12
       7
      12
       5
       8
      13
       8
       4
      14
      15
      10
      12
       9
       8
      12
      10
      11
       8
       6
      12
      12
      10
       5
       9
      13
       9
      13
       9
       8
      13
      10
      10
       8
      12
      11
      10
      11
       8
      11
       8
      13
      12
      12
       5
       7
       7
       9
       7
      11
       7
      13
      10
       9
       8
       8
      13
      10
      11
      10
       8
       9
       9
      10
      10
       9
       7
       9
      13
       7
      13
       8
      18
       7
       6
       7
      10
       4
       6
       9
       8
       7
       7
       9
      13
      15
       8
       9
      12
      16
       9
       6
      16
      14
       6
       9
       9
      10
       8
      11
       9
       4
       9
       9
       8
       4
       9
       7
      13
       7
       5
       7
       9
       6
      14
      10
      11
       8
       6
      13
      13
      10
       9
      11
       5
       7
       8
       6
       8
       5
      13
       8
      12
       7
       6
      12
      13
      12
      11
       6
       5
      11
       7
       9
      10
      10
      13
       5
      10
      10
       7
       7
       6
       6
       4
       8
      12
      16
       9
       7
       6
      16
       6
      11
      12
       5
       7
       7
       7
      15
       3
       8
      11
      10
       9
       4
       6
       7
      11
       4
      13
      11
      13
      14
      17
       6
       3
      11
       4
      14
       9
       8
       3
      14
      11
      13
       8
      12
       9
      17
      13
      12
       5
       8
       8
       6
       8
      10
       8
       6
      12
       7
      13
       8
       9
       7
      10
      10
      14
       8
      15
       8
      12
       7
       5
      15
      10
      15
       8
       7
      16
       2
      13
      13
      12
      11
       7
      13
       5
       9
       9
       1
       7
       7
       8
      13
       8
      10
      12
       6
      12
      13
       6
      13
       9
      11
       4
      10
      17
      14
      10
      11
      18
      10
       5
      13
       6
      12
       8
       9
      12
      10
       9
       8
       6
      14
      13
       4
       7
      12
       8
       6
      10
      11
      12
       8
      10
       7
       9
       4
       6
       9
       7
       6
      11
      12
      10
      11
      14
      12
       8
      10
       7
      15
      18
       9
       6
       9
       7
       8
      10
       7
      10
       5
      11
       5
       6
       6
       9
      13
      10
      18
      11
       9
       6
       2
       7
      10
       8
       8
       8
      15
      13
       6
      10
      10
       8
       6
       6
      10
      11
       9
      14
       7
       7
       5
       9
      13
       8
       8
       4
       8
      10
       8
       7
      13
      13
       5
       7
      11
       3
       6
      11
      11
       4
       2
      12
      12
       5
      11
       3
       3
      11
      10
       5
       6
       3
      11
       5
      11
       9
      14
       7
       8
       4
       5
      10
       6
       8
       8
       4
       6
       7
       7
       6
       7
       8
       8
       9
       9
      11
       4
       6
      13
       6
       8
       4
      13
      10
      10
      10
       7
      14
       6
       9
       9
       9
      14
       3
       8
       1
      13
       8
       9
      12
       6
       6
       7
      12
       7
       8
      10
       7
      13
       4
       9
       8
       9
       9
       9
       5
       6
       7
       7
       9
      12
       5
       7
       7
       8
       5
       9
       7
      10
      16
      11
      11
      11
      14
      15
      11
      11
      13
      10
      10
      10
       6
       4
       7
      15
      10
       8
      15
      13
      10
       9
      12
      11
      12
      15
      12
      10
      11
      10
       8
      10
      11
      10
       9
      11
      13
       5
       6
      12
      10
      13
      11
      10
      14
       6
       9
      13
       2
       9
      12
      10
      12
       6
       7
       4
       8
       4
      12
       9
       5
      11
       6
       6
       9
       6
       5
       2
       9
       4
       7
       8
       9
      11
      11
      12
       7
       9
      12
       7
      10
      11
       7
       3
      11
       5
       8
       8
      15
      10
      10
       7
      10
       7
       8
       6
      13
       8
      12
       7
      12
       4
      11
       7
       8
       6
       8
       9
       8
       6
       7
      10
      12
       7
      10
       6
       8
       6
       7
      11
       3
      15
       9
      12
       7
      11
       8
      17
       5
       8
       8
       5
       5
      10
       6
      12
      13
      10
       7
       7
       6
      13
       5
      10
       8
       9
      12
       8
       7
       4
      12
       9
      13
       5
       9
      10
       3
       5
      11
      11
       5
      11
      14
       5
       7
      10
       9
       9
       6
      13
       9
      11
       5
      12
      14
       4
      11
       8
       5
       5
       3
       8
      13
       6
      14
      12
       8
      10
       9
      11
       6
      12
       5
       7
       7
      10
       9
       8
       9
       7
      12
      11
      16
       8
       5
       2
       9
      12
      14
       9
       6
       9
       7
       3
       3
      10
       8
      13
       6
       8
       7
       6
      11
       7
       6
      10
       5
      11
       9
       7
       7
      10
      11
       7
       7
       3
       9
       6
       6
      10
      11
       5
      11
      10
       7
       8
       6
       6
      16
       8
       8
      12
       8
       5
       9
      14
       7
       5
       9
      12
      14
       8
      15
      12
       5
      13
      17
       8
      10
       8
       7
       6
       6
      12
       6
       7
       7
      14
      10
       6
       9
       7
       8
       9
      14
       6
       3
       9
      11
       9
       9
       9
      13
       6
       7
      10
      13
      10
      11
      11
      14
      10
      10
       9
       9
      12
       9
       4
       5
       5
      14
       3
       8
       9
       9
      10
       9
      12
       9
       2
       7
       8
       6
       7
       9
      10
       7
      12
       8
      10
       4
       8
      10
      10
       7
      10
      10
      12
       8
       9
      10
      10
       8
       6
       2
       8
       9
       9
       8
       5
       6
      10
       6
      10
       6
       7
       8
       8
       4
       8
       8
       4
       9
       7
       3
       7
      11
       6
       4
       4
      12
       6
       7
      11
       5
      10
       8
      17
       9
      10
      13
       7
      16
       7
       9
       8
       6
       2
       7
      10
       3
       9
      10
       8
       8
      10
       7
       8
       5
      14
       6
      10
       3
       9
      11
       6
       5
       7
       9
       5
       9
       8
      17
       5
      13
      11
      10
       8
      10
      15
       5
      11
      10
      11
       8
       9
       7
       7
      10
      15
       8
      10
      11
      12
      12
      16
       6
      18
      14
      21
      14
       9
      20
      19
      12
      25
      17
      21
      17
      19
      15
      12
      15
      12
      11
      14
      15
      12
       9
       8
       4
       6
      10
       5
       6
       2
       7
       4
       6
       9
      12
       9
       8
       3
       7
       4
       9
       9
       7
      10
      10
      10
       5
       8
      11
       2
       4
       9
       6
       4
      11
       5
       6
      16
       8
       6
       7
       6
       2
       7
       8
      10
       3
       7
       6
       5
       4
       9
      11
       6
      12
       3
       8
       7
       8
      10
       6
       6
       5
       6
      14
       8
       7
      13
       9
       8
      11
       7
       6
      10
       6
       8
       9
       9
       7
       7
       7
       8
      11
      10
      10
       6
       7
       7
       3
      13
       9
       7
       5
      11
       8
       4
      12
      11
       6
       7
       5
       8
      10
       5
       7
       8
       5
       8
       9
       2
       9
      12
       7
      10
       8
       6
      17
       4
       4
      15
       8
       8
       8
      12
       4
      13
       6
       8
      14
       8
       6
       6
       9
       8
       2
       6
      13
       7
      10
       6
      10
       6
       7
       9
      11
       7
       9
       7
      10
       5
      10
       6
      13
       6
       9
      10
       9
       4
      12
       8
       8
       8
      10
       6
       9
       8
       7
       8
      12
       8
       9
       9
       7
      10
       7
       8
      11
       4
       7
      19
      14
      10
      13
      14
      11
       8
      12
      14
       9
      13
      11
       7
      11
       8
       8
       6
       8
       6
      13
       5
      14
       6
       6
       8
       4
      10
       7
       6
       5
      13
       8
       6
       5
       9
       6
       6
       5
       8
      10
       8
       6
      13
      11
      11
       5
       8
       8
       7
       9
       4
       8
       3
       4
       5
       9
       8
       5
       5
      10
       7
       9
      10
      10
       8
      13
       7
       5
       5
       6
       3
       5
       5
       9
      15
      11
       9
       8
       7
      11
       5
       6
      13
      10
       9
       4
       5
       7
      10
       8
       5
       9
       8
      14
       8
       8
       7
      11
       8
       8
      12
       7
       7
       6
       6
       6
      14
       7
      13
       5
      10
       7
      10
      10
       8
       5
       6
      13
       8
       6
       7
       4
      14
       6
       7
       9
      13
       8
       8
      11
      17
       6
       6
       7
       8
       8
       9
       5
       5
      11
       7
       5
       8
       6
       7
      10
       5
       7
      10
       7
       3
       5
       8
     100
     172
     152
     141
     162
     150
     150
     175
     149
     167
     145
     174
     154
     161
     150
     169
     166
     170
     130
     147
     159
     162
     129
     153
     134
     144
     150
     132
     150
     173
     135
     158
     146
     147
     176
     163
     150
     170
     138
     159
     158
     147
     144
     145
     157
     142
     147
     159
     139
     161
     141
     156
     148
     149
     143
     140
     137
     130
     141
     140
     153
     131
     152
     170
     142
     136
     129
     146
     146
     141
     134
     140
     140
     167
     162
     159
     164
     145
     165
     149
     135
     139
     141
     168
     166
     162
     120
     137
     138
     137
     144
     139
     133
     137
     155
     128
     134
     140
     125
     160
     142
     129
     142
     140
     152
     144
     146
     156
     130
     176
     151
     137
     172
     138
     163
     140
     144
     137
     150
     157
     150
     157
     116
     149
     171
     136
     138
     143
     148
     125
     147
     165
     145
     163
     136
     147
     137
     126
     142
     124
     149
     132
     144
     155
     147
     133
     128
     139
     135
     139
     155
     131
     137
     135
     124
     137
     155
     128
     136
     135
     128
     150
     157
     120
     146
     153
     145
     136
     128
     123
     118
     134
     152
     139
     150
     132
     135
     172
     120
     123
     125
     117
     145
     138
      94
$ROI:
0
$PRESETS:
None
0
0
$ENER_FIT:
0.000000 0.000000
$MCA_CAL:
3
0.000000E+000 0.000000E+000 0.000000E+000 
$SHAPE_CAL:
3
0.000000E+000 0.000000E+000 0.000000E+000
