$SPEC_ID:
No sample description was entered.
$SPEC_REM:
DET# 1
DETDESC# DESKTOP-3KSJ573 926
AP# Maestro Version 7.01
$DATE_MEA:
02/02/2026 13:31:57
$MEAS_TIM:
5680 5763
$DATA:
0 8191
       0
       0
       0
       0
       0
       0
       0
       0
       0
       0
       0
       0
       0
       0
       0
       0
       0
       0
       0
       0
       0
       0
       0
       0
       0
       0
       0
       0
       0
       0
       0
       0
       0
       0
       0
       0
       0
       0
       0
       0
       0
       0
       0
       0
       0
       0
       0
       0
       0
       0
       0
       3
      12
      60
     197
     403
     813
    1152
    1461
    1537
    1524
    1512
    1463
    1440
    1477
    1375
    1446
    1438
    1386
    1374
    1295
    1389
    1330
    1290
    1290
    1214
    1320
    1240
    1236
    1209
    1208
    1153
    1127
    1168
    1178
    1111
    1106
    1068
    1088
    1085
    1072
    1125
    1072
    1061
    1036
    1006
    1022
    1000
    1011
     985
     997
    1021
     955
     921
     984
     991
     949
     890
     901
     936
     936
     929
     941
     888
     928
     915
     851
     864
     907
     918
     895
     823
     866
     839
     823
     851
     817
     824
     820
     782
     854
     800
     753
     789
     817
     739
     792
     812
     770
     772
     797
     758
     790
     764
     735
     784
     750
     777
     727
     755
     745
     726
     784
     788
     747
     673
     737
     683
     685
     751
     701
     738
     642
     723
     713
     725
     633
     682
     636
     653
     702
     686
     681
     673
     654
     720
     686
     653
     645
     729
     649
     659
     639
     708
     654
     659
     651
     688
     660
     676
     633
     653
     604
     628
     609
     630
     637
     609
     648
     634
     557
     608
     561
     584
     643
     618
     550
     629
     549
     632
     594
     598
     581
     615
     593
     542
     597
     612
     569
     560
     625
     565
     550
     554
     617
     586
     571
     540
     578
     560
     549
     542
     549
     537
     557
     565
     590
     528
     557
     544
     588
     567
     567
     559
     548
     549
     540
     566
     528
     541
     517
     471
     569
     564
     531
     510
     527
     511
     526
     493
     494
     542
     564
     550
     554
     485
     534
     518
     538
     514
     508
     457
     489
     518
     509
     512
     507
     463
     535
     511
     510
     515
     503
     478
     472
     472
     493
     496
     500
     506
     521
     478
     523
     476
     486
     556
     469
     500
     492
     466
     526
     433
     474
     495
     479
     479
     503
     470
     498
     510
     468
     478
     444
     480
     518
     417
     496
     435
     460
     451
     458
     454
     495
     484
     512
     477
     458
     460
     447
     470
     466
     458
     436
     449
     481
     446
     482
     466
     437
     542
     460
     472
     441
     467
     488
     452
     452
     402
     482
     451
     455
     495
     459
     454
     466
     487
     455
     465
     443
     444
     480
     420
     439
     442
     478
     456
     411
     444
     415
     449
     432
     428
     461
     398
     446
     427
     465
     432
     484
     446
     454
     453
     417
     467
     421
     449
     412
     427
     417
     428
     435
     431
     407
     465
     514
     480
     440
     489
     467
     477
     481
     479
     489
     446
     437
     464
     460
     407
     482
     426
     426
     439
     401
     392
     405
     438
     434
     425
     466
     446
     447
     422
     433
     433
     427
     451
     409
     447
     443
     437
     427
     427
     446
     446
     481
     473
     471
     416
     430
     398
     450
     416
     428
     426
     419
     415
     430
     473
     473
     446
     449
     494
     454
     492
     484
     485
     448
     471
     526
     450
     464
     475
     407
     458
     422
     434
     457
     444
     439
     390
     442
     469
     427
     448
     410
     445
     464
     427
     439
     419
     439
     427
     433
     444
     463
     430
     426
     454
     445
     453
     464
     409
     404
     475
     459
     456
     411
     455
     439
     492
     494
     456
     440
     471
     485
     456
     465
     471
     482
     468
     515
     502
     450
     484
     478
     504
     469
     530
     525
     526
     498
     555
     484
     513
     572
     539
     537
     565
     530
     589
     578
     595
     724
     713
     781
     809
     886
     937
     974
     949
     955
     973
     878
     812
     780
     715
     684
     609
     560
     562
     562
     514
     524
     488
     495
     509
     594
     565
     517
     503
     558
     523
     531
     518
     497
     579
     535
     548
     551
     566
     559
     580
     590
     615
     565
     596
     606
     637
     595
     560
     593
     608
     578
     583
     520
     587
     560
     620
     556
     553
     572
     560
     580
     562
     551
     562
     549
     583
     605
     613
     608
     581
     569
     618
     609
     598
     602
     666
     608
     614
     601
     595
     621
     583
     622
     592
     660
     616
     699
     596
     653
     636
     656
     706
     690
     777
     760
     855
    1005
    1178
    1229
    1404
    1656
    1755
    1917
    1925
    1949
    1928
    1818
    1690
    1547
    1426
    1306
    1208
    1122
    1150
    1289
    1358
    1551
    1818
    2064
    2462
    2662
    3004
    3071
    3134
    3002
    2777
    2565
    2294
    2016
    1629
    1420
    1216
    1036
     902
     803
     774
     708
     769
     799
     754
     830
     804
     740
     708
     759
     764
     721
     699
     625
     682
     700
     696
     655
     776
     733
     782
     797
     749
     727
     672
     689
     715
     604
     611
     589
     583
     560
     563
     530
     568
     590
     665
     652
     739
     796
     857
     894
     905
     962
     991
     988
     952
     907
     930
     883
     812
     707
     695
     626
     595
     584
     601
     576
     571
     637
     608
     620
     641
     736
     790
     938
     980
    1057
    1094
    1270
    1343
    1458
    1495
    1469
    1496
    1381
    1274
    1220
    1103
    1002
     907
     840
     737
     699
     694
     645
     685
     690
     745
     759
     829
     873
     902
     989
     939
     947
     888
     913
     870
     804
     750
     743
     697
     663
     690
     689
     683
     720
     743
     879
     962
    1062
    1314
    1457
    1704
    1850
    1879
    2014
    1966
    1973
    1926
    1761
    1574
    1356
    1264
    1155
     998
     955
     813
     878
     845
     880
     880
     833
     889
     853
     827
     870
     769
     782
     739
     717
     651
     593
     578
     550
     487
     528
     477
     493
     484
     497
     483
     479
     510
     482
     521
     574
     586
     608
     682
     714
     763
     796
     848
     882
     913
     857
     901
     887
     842
     736
     695
     646
     591
     569
     551
     507
     468
     483
     413
     489
     442
     462
     435
     486
     435
     454
     426
     443
     434
     401
     430
     433
     454
     449
     389
     426
     449
     466
     466
     444
     413
     477
     486
     450
     454
     447
     436
     433
     429
     442
     432
     451
     440
     423
     441
     454
     472
     414
     454
     438
     434
     457
     474
     468
     429
     430
     457
     461
     462
     462
     470
     498
     449
     427
     437
     473
     455
     433
     442
     434
     447
     446
     461
     422
     455
     475
     483
     464
     499
     491
     477
     482
     489
     496
     483
     503
     506
     498
     500
     499
     506
     528
     519
     498
     553
     521
     597
     593
     576
     578
     610
     635
     608
     635
     560
     609
     608
     550
     556
     564
     549
     567
     537
     551
     630
     529
     560
     573
     533
     573
     540
     543
     510
     510
     519
     511
     537
     487
     479
     515
     502
     528
     526
     456
     510
     480
     482
     468
     451
     469
     501
     436
     472
     480
     443
     424
     472
     460
     434
     431
     441
     448
     409
     462
     412
     420
     465
     468
     481
     425
     479
     454
     454
     441
     478
     430
     448
     432
     432
     418
     430
     398
     462
     440
     473
     421
     461
     436
     493
     442
     460
     437
     434
     484
     442
     478
     444
     472
     419
     463
     427
     444
     455
     441
     435
     448
     490
     459
     498
     443
     483
     470
     479
     420
     414
     440
     423
     454
     481
     436
     445
     417
     457
     453
     432
     485
     511
     449
     464
     462
     450
     460
     412
     420
     447
     481
     448
     438
     446
     445
     441
     416
     441
     453
     429
     460
     426
     418
     467
     464
     462
     421
     432
     423
     440
     459
     426
     439
     459
     445
     467
     450
     429
     438
     437
     430
     457
     426
     445
     454
     440
     439
     491
     477
     469
     456
     462
     464
     464
     463
     458
     466
     466
     456
     421
     456
     453
     456
     447
     457
     464
     446
     441
     474
     434
     440
     462
     425
     413
     470
     451
     433
     477
     470
     449
     442
     485
     459
     438
     460
     470
     435
     426
     479
     483
     458
     477
     485
     465
     490
     461
     478
     467
     488
     448
     482
     397
     473
     465
     446
     498
     485
     495
     459
     416
     446
     466
     468
     467
     495
     471
     445
     486
     465
     438
     436
     481
     453
     447
     495
     491
     480
     443
     487
     485
     478
     482
     491
     463
     462
     459
     489
     525
     480
     496
     509
     475
     494
     449
     478
     483
     472
     524
     464
     476
     503
     503
     507
     551
     541
     600
     573
     674
     666
     630
     704
     693
     695
     746
     681
     667
     626
     622
     596
     581
     552
     523
     498
     520
     493
     490
     477
     454
     490
     505
     471
     447
     482
     467
     501
     459
     488
     480
     452
     469
     480
     473
     497
     466
     488
     512
     507
     504
     480
     485
     535
     523
     511
     488
     479
     507
     512
     476
     451
     499
     504
     514
     520
     521
     478
     547
     483
     491
     515
     516
     522
     514
     515
     521
     491
     464
     503
     516
     501
     499
     500
     503
     457
     473
     481
     507
     505
     506
     541
     539
     518
     550
     520
     549
     536
     590
     571
     575
     636
     578
     573
     564
     616
     519
     553
     553
     532
     517
     504
     483
     480
     489
     446
     469
     500
     492
     468
     542
     471
     475
     431
     485
     478
     509
     490
     474
     443
     474
     451
     487
     460
     487
     502
     452
     470
     479
     477
     397
     472
     473
     427
     446
     447
     455
     483
     496
     421
     478
     452
     443
     429
     454
     390
     468
     437
     412
     446
     447
     427
     418
     438
     417
     450
     440
     413
     510
     461
     428
     456
     520
     460
     507
     497
     479
     518
     519
     501
     491
     461
     450
     460
     465
     478
     435
     403
     445
     462
     418
     454
     437
     453
     414
     458
     403
     414
     418
     414
     399
     441
     407
     406
     455
     412
     446
     413
     431
     411
     417
     405
     447
     404
     395
     395
     405
     396
     400
     411
     393
     443
     375
     365
     391
     396
     426
     408
     389
     411
     422
     415
     352
     391
     417
     442
     413
     390
     386
     396
     378
     408
     426
     411
     401
     414
     370
     411
     386
     387
     378
     368
     379
     402
     397
     395
     397
     410
     365
     395
     423
     379
     386
     356
     394
     408
     382
     415
     421
     410
     337
     358
     400
     407
     424
     380
     389
     378
     392
     359
     389
     413
     442
     399
     383
     398
     362
     387
     387
     398
     399
     359
     383
     367
     390
     368
     391
     380
     399
     387
     427
     387
     424
     388
     367
     365
     405
     400
     374
     386
     372
     425
     400
     389
     405
     402
     409
     408
     390
     378
     412
     389
     407
     433
     400
     369
     401
     380
     363
     444
     411
     416
     433
     425
     391
     415
     368
     383
     394
     438
     397
     416
     398
     391
     388
     408
     396
     389
     428
     398
     396
     417
     419
     384
     461
     520
     596
     639
     765
     870
    1026
    1201
    1433
    1608
    1850
    2019
    2155
    2137
    2239
    2182
    2175
    2030
    1809
    1621
    1417
    1161
    1112
     846
     789
     645
     578
     504
     457
     393
     430
     430
     354
     400
     377
     355
     361
     359
     349
     375
     373
     390
     331
     391
     359
     399
     400
     352
     369
     381
     331
     333
     338
     361
     356
     343
     401
     366
     342
     377
     373
     379
     379
     336
     382
     356
     360
     358
     371
     387
     348
     343
     380
     353
     321
     373
     358
     309
     364
     347
     373
     371
     351
     347
     346
     373
     359
     357
     356
     354
     373
     371
     382
     343
     372
     358
     374
     378
     384
     361
     398
     358
     375
     351
     342
     374
     359
     371
     382
     333
     356
     344
     334
     335
     325
     321
     319
     346
     368
     349
     347
     340
     333
     318
     345
     355
     367
     367
     323
     350
     383
     330
     329
     324
     320
     366
     364
     313
     351
     324
     294
     381
     367
     313
     377
     332
     337
     349
     391
     348
     357
     332
     350
     353
     304
     356
     342
     321
     300
     335
     318
     291
     319
     312
     319
     303
     330
     343
     331
     340
     337
     353
     355
     392
     396
     407
     403
     371
     401
     358
     340
     343
     377
     321
     301
     307
     296
     306
     301
     283
     273
     296
     332
     307
     300
     285
     306
     309
     273
     287
     324
     273
     277
     278
     283
     288
     264
     300
     304
     294
     281
     267
     266
     307
     269
     271
     312
     294
     315
     287
     292
     271
     275
     312
     262
     314
     267
     273
     279
     281
     304
     301
     269
     276
     250
     306
     264
     259
     289
     277
     252
     294
     275
     287
     270
     297
     268
     269
     221
     282
     276
     278
     302
     269
     285
     268
     262
     292
     289
     289
     300
     301
     262
     276
     276
     281
     283
     303
     283
     263
     273
     262
     283
     268
     255
     289
     274
     264
     236
     295
     276
     241
     252
     265
     264
     255
     252
     247
     271
     289
     276
     271
     251
     256
     273
     243
     277
     267
     253
     258
     251
     233
     254
     255
     234
     280
     270
     247
     253
     257
     216
     262
     280
     280
     246
     250
     259
     253
     266
     267
     267
     286
     259
     257
     253
     246
     258
     258
     247
     235
     247
     237
     268
     274
     272
     233
     242
     242
     259
     235
     250
     248
     246
     253
     234
     255
     260
     256
     258
     235
     244
     249
     236
     242
     250
     262
     250
     237
     273
     245
     243
     239
     241
     239
     273
     251
     244
     277
     219
     274
     208
     239
     218
     238
     256
     219
     260
     253
     256
     254
     233
     261
     235
     257
     218
     251
     215
     264
     248
     247
     227
     262
     215
     243
     243
     254
     227
     249
     251
     249
     247
     240
     231
     229
     222
     235
     267
     247
     223
     249
     237
     214
     237
     265
     235
     237
     242
     260
     268
     239
     235
     248
     236
     240
     259
     269
     272
     327
     302
     305
     360
     377
     351
     369
     392
     367
     335
     356
     358
     306
     307
     287
     258
     292
     255
     237
     260
     231
     248
     241
     242
     227
     245
     213
     251
     228
     250
     255
     216
     234
     246
     220
     224
     250
     251
     262
     206
     227
     235
     246
     282
     289
     371
     424
     510
     617
     777
     967
    1095
    1326
    1515
    1651
    1862
    1929
    2004
    1926
    1967
    1761
    1477
    1421
    1170
    1027
     846
     660
     536
     468
     402
     335
     271
     264
     220
     219
     233
     211
     211
     226
     201
     204
     224
     189
     203
     220
     216
     189
     202
     191
     193
     208
     193
     219
     226
     188
     180
     191
     199
     197
     200
     212
     202
     199
     201
     197
     180
     218
     192
     201
     219
     191
     189
     210
     180
     222
     199
     199
     189
     194
     186
     206
     226
     208
     205
     205
     193
     189
     181
     178
     176
     189
     204
     189
     168
     177
     165
     205
     212
     218
     212
     184
     198
     187
     196
     208
     210
     200
     199
     214
     196
     171
     230
     195
     204
     207
     170
     176
     215
     212
     191
     192
     196
     201
     189
     187
     201
     215
     211
     218
     225
     219
     220
     223
     257
     252
     253
     254
     254
     254
     245
     259
     237
     230
     205
     217
     226
     183
     211
     205
     230
     230
     232
     246
     296
     250
     271
     314
     302
     293
     310
     296
     299
     287
     275
     254
     231
     225
     214
     208
     181
     169
     239
     193
     184
     177
     181
     196
     168
     205
     186
     181
     173
     166
     172
     203
     195
     216
     192
     201
     181
     173
     187
     166
     175
     202
     195
     181
     171
     195
     178
     171
     164
     155
     167
     161
     154
     182
     173
     167
     177
     173
     166
     170
     179
     184
     199
     169
     174
     183
     185
     172
     164
     173
     186
     167
     169
     167
     156
     184
     171
     173
     160
     177
     166
     148
     197
     185
     197
     197
     198
     225
     247
     237
     287
     266
     276
     264
     296
     293
     294
     288
     253
     276
     256
     269
     268
     251
     281
     260
     283
     269
     267
     266
     255
     273
     259
     232
     270
     234
     199
     200
     207
     183
     180
     165
     174
     185
     167
     195
     194
     227
     188
     190
     183
     210
     198
     214
     198
     214
     235
     253
     230
     219
     241
     199
     250
     241
     212
     190
     221
     176
     203
     178
     182
     152
     168
     152
     139
     152
     177
     157
     163
     160
     155
     145
     164
     185
     154
     170
     158
     176
     151
     180
     179
     162
     163
     141
     164
     156
     159
     152
     166
     167
     176
     151
     171
     140
     176
     170
     156
     169
     169
     159
     171
     182
     162
     150
     164
     157
     179
     172
     178
     176
     156
     195
     169
     176
     156
     152
     165
     170
     187
     174
     171
     159
     183
     160
     171
     169
     164
     178
     188
     156
     157
     164
     164
     157
     158
     163
     162
     162
     160
     155
     146
     175
     169
     166
     170
     160
     206
     155
     149
     171
     198
     152
     154
     126
     162
     158
     154
     140
     152
     153
     148
     166
     167
     161
     163
     151
     174
     150
     165
     170
     165
     168
     167
     136
     150
     151
     157
     162
     160
     163
     167
     151
     162
     166
     165
     145
     151
     172
     149
     196
     152
     180
     163
     147
     151
     162
     164
     175
     170
     161
     182
     162
     139
     191
     187
     215
     272
     323
     407
     494
     717
     836
    1094
    1380
    1692
    2029
    2408
    2726
    3089
    3477
    3468
    3609
    3516
    3345
    3225
    2743
    2550
    2183
    1847
    1485
    1246
    1002
     677
     598
     462
     340
     270
     216
     210
     185
     158
     157
     156
     147
     159
     140
     154
     142
     133
     133
     140
     155
     166
     172
     146
     152
     177
     145
     174
     196
     184
     194
     176
     162
     169
     171
     201
     168
     156
     126
     158
     151
     141
     142
     140
     169
     154
     137
     153
     154
     145
     146
     140
     140
     167
     157
     148
     152
     150
     141
     152
     136
     136
     140
     153
     153
     151
     128
     141
     154
     161
     174
     152
     162
     163
     155
     158
     128
     152
     131
     125
     134
     129
     146
     152
     112
     123
     135
     140
     125
     141
     145
     130
     125
     119
     126
     139
     123
     130
     146
     136
     134
     136
     145
     146
     131
     150
     136
     136
     133
     125
     145
     155
     134
     119
     135
     122
     119
     141
     120
     128
     130
     138
     130
     113
     141
     132
     119
     133
     127
     126
     141
     137
     129
     159
     126
     134
     138
     138
     140
     144
     138
     139
     132
     155
     115
     142
     130
     147
     148
     156
     142
     143
     148
     130
     137
     132
     141
     135
     156
     131
     122
     127
     129
     116
     144
     110
     128
     126
     125
     110
     132
     123
     144
     130
     123
     128
     144
     124
     114
     121
     130
     138
     133
     114
     123
      99
     121
     116
     133
     133
     112
     131
     142
     133
     121
     136
     120
     120
     119
     110
     128
     127
     127
     119
     127
     133
     133
     115
     134
     101
     141
     158
     145
     121
     123
     124
     122
     132
     120
     132
     123
     128
     139
     151
     146
     158
     137
     164
     131
     151
     172
     151
     147
     159
     148
     141
     155
     145
     147
     156
     138
     147
     133
     115
     113
     124
     119
     140
     116
     127
     126
     110
     114
     112
     124
     104
     127
     139
     109
     125
     147
     137
     131
     121
     150
     119
     135
     130
     127
     150
     132
     150
     136
     134
     131
     173
     144
     136
     161
     183
     155
     170
     140
     155
     155
     146
     140
     133
     143
     136
     132
     134
     116
     140
     129
     104
     129
     121
     118
     122
     134
     115
     120
     135
     126
     129
     128
     130
     127
     148
     149
     137
     143
     135
     154
     130
     149
     135
     146
     129
     131
     128
     139
     137
     126
     141
     124
     114
     135
     121
     131
     144
     122
     117
     127
     134
     112
     125
     114
     112
     125
     117
     134
     132
     122
     135
     149
     112
     138
     153
     153
     155
     147
     143
     140
     159
     142
     148
     147
     132
     123
     131
     134
     124
     127
     123
     140
     137
     133
     140
     122
     145
     109
     122
     119
     115
     110
     129
     134
     129
     125
     107
     109
     112
     122
     118
     127
     112
     137
     119
     133
     127
     133
     124
     128
     121
      96
     103
     139
     114
     121
     108
     136
     111
     127
     136
     125
     119
     126
     119
     148
     133
     119
     108
     117
     125
     123
     106
     137
     111
     130
     127
     117
     134
     123
     130
     103
     113
     129
     133
     123
     121
     133
     127
     116
     126
     136
     172
     127
     141
     159
     156
     137
     176
     181
     192
     228
     215
     223
     257
     320
     394
     520
     651
     862
    1086
    1410
    1829
    2192
    2741
    3113
    3755
    4138
    4549
    5061
    5285
    5409
    5266
    5045
    4895
    4230
    3795
    3447
    2910
    2377
    1949
    1536
    1100
     908
     673
     491
     394
     272
     229
     187
     165
     148
     126
     137
     131
     112
     123
     111
      94
     106
     128
     114
     114
     110
     120
     105
     115
     122
     114
     103
     103
     110
     111
     114
     109
      95
     104
      84
     108
      85
     109
      94
     114
     111
     114
     106
      89
     107
      83
     114
     112
     104
      98
     104
     103
     118
     121
     100
     114
      98
     103
     112
     113
     107
      95
     101
     109
     108
     109
      92
     108
      94
     104
     121
     118
     111
      98
     138
     110
     104
     102
     102
      98
      95
     104
     103
     108
     111
      99
     108
     108
     111
     104
      95
     112
     113
     112
      97
      87
      92
      94
      87
     118
      99
      83
     105
     104
     114
     101
      87
      93
     114
     111
     113
     107
     117
      98
      94
      98
     104
      93
     101
      86
      90
      89
     102
     107
      95
     118
     108
      92
      98
     107
     100
     108
      99
      99
      90
     131
      99
     103
     109
     109
     111
     125
     102
     102
      97
     106
     126
     106
     104
     112
     103
     100
      96
      82
      92
      95
      88
     125
      95
     113
     107
     102
      93
     105
     114
     100
     114
     104
      89
     114
     106
      95
      91
      98
     104
     106
      91
     112
     103
     102
     105
     103
     124
      88
     120
     108
     105
     106
     113
     105
      88
      87
     120
      91
      91
     100
      93
      97
      90
     105
      96
      96
     115
     107
     102
     100
      87
      98
     106
     101
     116
     101
     110
      95
     115
      92
      91
     109
      98
     105
     112
     103
     108
      98
      91
      98
      93
     102
     110
      94
     102
     120
     102
     102
      82
      94
     101
      99
     112
      93
      99
     112
      92
     107
     109
     101
     110
     103
      83
     107
     116
     107
     126
      97
     116
     107
      93
      95
      90
     108
      96
     100
      99
     105
      93
     108
     102
     116
     106
     114
     107
     112
     125
     116
     134
     125
     144
     128
     141
     130
     149
     154
     149
     128
     147
     122
     124
     130
     128
     124
     157
     140
     120
     160
     141
     134
     152
     159
     156
     128
     142
     155
     157
     150
     153
     125
     120
     146
     112
     114
     113
     125
     107
     107
      93
     104
     113
     126
     112
     109
     115
     110
      92
     103
     118
     111
     104
      83
     124
     105
     100
     114
      98
      93
     107
     123
     102
      97
     127
      95
     114
      91
     109
     110
     114
      85
     101
      99
     104
     113
      98
     122
      92
     120
     105
     112
     120
     113
     101
     112
      91
      98
     121
     111
     122
     116
      98
     105
     118
     100
     129
      99
     107
     118
      98
      99
     105
      95
     105
     111
     121
     101
      96
     110
     128
     104
     103
     110
     117
     107
     105
      96
     113
     123
     125
     113
     102
     142
     121
     134
     124
     156
     147
     120
     143
     124
     131
     126
     145
     146
     156
     139
     128
     147
     144
     143
     139
     119
     117
     107
     107
     106
     121
     103
     123
     132
     120
     125
     123
     103
     145
     119
     154
     138
     134
     125
     117
     168
     115
     133
     128
     126
     129
     149
     121
     120
     116
     102
     115
     122
     115
     112
     119
     110
     115
     103
     109
     114
     113
      97
     111
     119
     102
     119
     127
     110
     112
     121
     123
     110
     107
     121
     110
     122
     113
     123
     105
     109
      93
     101
     114
      95
     107
      96
     105
     116
     100
     121
      87
     103
     107
     110
     109
     100
      98
     109
     104
     107
     116
     123
     104
     118
     108
     120
     121
     118
     110
     114
      96
     119
     109
     113
     102
     114
     117
      94
     102
     110
     120
     111
     100
     110
     114
     112
     115
     131
     107
     116
     109
     105
     100
     110
     117
     119
     117
     111
     113
     104
     124
      97
     131
     108
     102
     109
     117
     118
     132
     111
     106
     104
     105
     125
     114
     123
     106
     104
      94
      97
     113
     112
     113
     115
     107
     115
     111
     128
     114
     115
      92
     117
     114
     121
     111
     114
      98
     106
     107
     117
     110
     115
     100
     130
     110
     113
     136
     100
     102
     123
      96
     129
     127
     113
     119
     124
     104
     102
     118
     103
     101
     101
     111
     103
      99
      90
     115
     101
     102
     113
     109
     114
     113
      99
     123
     111
     101
     122
     110
     139
     110
     109
     127
     109
     100
     110
     111
     108
     108
     119
     115
     114
     108
     117
      88
     112
      96
      84
      81
     103
     103
      98
     112
     100
      99
     100
     112
      99
      93
      97
     100
     100
      96
      79
      86
      98
      92
      88
     107
      75
      92
      79
      80
      85
     100
      82
      89
     105
      80
      90
      89
      82
      96
      84
      95
      97
      77
     106
      83
      89
      84
      86
      93
      81
      81
      86
      69
      67
      80
      76
      83
      73
      90
      98
      99
      88
      80
      73
      94
      92
      75
      82
      78
      97
      69
      67
      84
      92
      76
      79
      80
      71
      82
      94
      83
      89
      99
      92
      75
      73
      71
      93
      92
      75
      81
      81
      96
      80
      89
      84
      64
      87
      78
      64
      89
      75
      73
      77
      86
      63
      74
      79
      66
      80
      69
      71
      95
      75
      69
      70
      63
      80
      89
      60
      73
      75
      75
      85
      70
      85
      72
      82
      75
      60
      80
      71
      88
      71
      74
      75
      95
      77
      81
      70
      83
      96
      82
      67
      74
      86
      63
      72
      69
      66
      81
      77
      75
      72
      77
      79
      81
      75
      74
      59
      87
      65
      60
      78
      53
      68
      56
      53
      64
      64
      52
      87
      73
      76
      74
      77
      69
      63
      67
      78
      85
      73
      80
      81
      85
      66
      66
      80
      77
      68
      67
      67
      61
      76
      62
      69
      73
      79
      72
      74
      80
      71
      79
      63
      91
      87
      78
      68
      75
      59
     100
      80
      79
      91
      81
      94
      81
      89
      94
      95
     101
      93
      87
      91
     100
      99
      80
      72
      75
      76
      83
      68
      76
      74
      60
      60
      73
      91
      71
      53
      66
      53
      56
      64
      76
      78
      74
      67
      77
      75
      62
      69
      67
      86
      64
      68
      74
      68
      64
      72
      80
      73
      82
      87
      76
      65
      89
      70
      71
      58
      64
      71
      78
      83
      70
      81
      94
      83
      93
      82
      61
      71
      78
      76
      67
      75
      86
      76
      86
      82
      60
      71
      64
      67
      53
      77
      69
      72
      81
      63
      68
      67
      61
      70
      71
      61
      56
      75
      68
      62
      58
      76
      60
      51
      77
      68
      78
      65
      66
      69
      70
      61
      71
      77
      75
      59
      82
      54
      68
      62
      75
      67
      72
      74
      60
      61
      82
      77
      87
      80
      81
      81
      72
      74
      82
      80
      83
      77
      75
      69
      75
      67
      62
      66
      58
      70
      86
      79
      70
      56
      67
      58
      67
      56
      65
      74
      64
      64
      62
      74
      46
      57
      66
      51
      56
      58
      76
      75
      68
      57
      70
      57
      69
      72
      72
      68
      68
      62
      69
      62
      55
      67
      71
      62
      41
      72
      64
      53
      65
      68
      70
      54
      58
      76
      47
      45
      51
      63
      64
      72
      78
      58
      63
      50
      58
      64
      65
      66
      62
      69
      76
      72
      76
      72
      60
      51
      79
      68
      69
      78
      81
      75
      79
      79
      87
      83
      96
      98
      76
      75
      99
      98
      87
      95
      71
      74
      76
      56
      63
      66
      67
      61
      55
      82
      59
      54
      61
      54
      49
      53
      59
      66
      56
      64
      73
      74
      65
      45
      64
      47
      69
      62
      61
      61
      53
      49
      63
      46
      60
      77
      64
      63
      64
      68
      71
      76
      92
      67
      81
      88
     103
     102
      86
      91
      92
      82
     100
      91
      74
      61
      75
      78
      73
      70
      75
      65
      52
      69
      60
      47
      61
      55
      43
      62
      64
      58
      43
      59
      65
      63
      51
      66
      59
      54
      41
      44
      43
      58
      61
      50
      52
      60
      57
      48
      51
      50
      38
      46
      52
      60
      53
      67
      51
      57
      60
      48
      54
      66
      49
      49
      47
      57
      76
      51
      47
      53
      45
      47
      71
      59
      53
      52
      54
      42
      49
      56
      57
      57
      54
      52
      59
      59
      63
      61
      43
      57
      66
      54
      54
      55
      55
      38
      51
      47
      60
      53
      48
      56
      55
      50
      39
      63
      49
      45
      59
      43
      47
      52
      53
      59
      52
      55
      55
      65
      59
      58
      55
      49
      53
      64
      58
      54
      61
      55
      54
      36
      48
      52
      62
      59
      48
      54
      43
      52
      54
      55
      57
      65
      43
      43
      65
      46
      42
      40
      55
      68
      51
      58
      60
      37
      59
      55
      47
      59
      46
      48
      46
      55
      58
      46
      58
      51
      53
      51
      44
      49
      45
      57
      38
      50
      54
      48
      48
      52
      50
      63
      47
      34
      54
      44
      39
      48
      68
      54
      72
      74
      77
      68
      54
      53
      64
      74
      79
      84
      67
      55
      66
      73
      52
      71
      73
      61
      67
      66
      60
      63
      79
      59
      70
      56
      64
      52
      58
      56
      49
      70
      69
      54
      44
      42
      60
      61
      55
      54
      56
      52
      52
      41
      60
      48
      50
      50
      54
      54
      50
      44
      50
      50
      55
      38
      56
      51
      37
      52
      47
      41
      56
      36
      37
      65
      48
      62
      43
      46
      43
      49
      45
      55
      50
      50
      40
      41
      57
      41
      48
      39
      49
      64
      38
      53
      54
      56
      44
      54
      37
      44
      44
      52
      57
      58
      63
      44
      51
      47
      44
      57
      47
      60
      52
      47
      58
      44
      54
      58
      54
      43
      39
      52
      60
      31
      44
      52
      45
      47
      48
      54
      49
      46
      53
      62
      54
      49
      48
      53
      46
      66
      47
      42
      48
      45
      55
      46
      52
      62
      50
      39
      63
      59
      52
      46
      58
      33
      63
      56
      44
      56
      38
      45
      43
      53
      53
      51
      33
      35
      59
      50
      58
      46
      44
      58
      61
      53
      52
      55
      48
      53
      46
      55
      62
      61
      41
      34
      55
      49
      45
      49
      49
      42
      55
      43
      48
      52
      62
      53
      43
      57
      43
      40
      61
      42
      65
      58
      49
      49
      56
      53
      54
      66
      51
      64
      54
      64
      75
      61
      70
      72
      71
      56
      69
      56
      50
      65
      44
      49
      59
      57
      52
      57
      50
      55
      57
      56
      54
      44
      60
      61
      51
      51
      55
      49
      42
      61
      51
      39
      51
      62
      44
      47
      60
      52
      52
      56
      55
      43
      44
      44
      47
      49
      53
      43
      53
      45
      52
      55
      56
      52
      51
      41
      41
      63
      41
      29
      54
      51
      48
      51
      56
      51
      46
      35
      45
      51
      55
      46
      56
      48
      41
      55
      53
      56
      56
      60
      50
      52
      51
      52
      49
      58
      56
      56
      51
      59
      52
      49
      57
      57
      53
      35
      53
      44
      57
      70
      52
      40
      44
      52
      46
      37
      47
      56
      47
      55
      56
      38
      52
      61
      50
      42
      45
      45
      48
      38
      42
      37
      42
      46
      42
      41
      47
      48
      49
      43
      42
      44
      46
      44
      43
      46
      57
      50
      55
      43
      53
      45
      52
      54
      44
      52
      46
      36
      39
      56
      43
      46
      55
      49
      60
      42
      54
      50
      41
      42
      42
      49
      36
      42
      40
      45
      54
      50
      38
      54
      45
      48
      41
      36
      48
      41
      56
      39
      59
      40
      56
      36
      48
      44
      49
      38
      54
      42
      46
      39
      49
      43
      43
      49
      49
      49
      40
      40
      45
      40
      36
      36
      40
      50
      51
      43
      45
      49
      69
      44
      49
      49
      43
      56
      46
      45
      48
      33
      52
      49
      51
      39
      46
      54
      51
      40
      51
      54
      65
      47
      54
      60
      49
      46
      43
      44
      53
      45
      56
      41
      56
      48
      46
      57
      45
      44
      40
      55
      46
      49
      51
      51
      48
      40
      56
      40
      45
      50
      43
      42
      46
      37
      47
      50
      52
      44
      39
      44
      49
      41
      37
      43
      46
      50
      42
      37
      47
      57
      44
      52
      43
      47
      54
      30
      41
      48
      31
      45
      47
      52
      51
      47
      44
      55
      40
      57
      49
      47
      51
      47
      32
      39
      53
      39
      40
      46
      47
      48
      47
      50
      49
      42
      41
      48
      54
      54
      37
      50
      50
      53
      56
      41
      45
      49
      54
      49
      51
      47
      50
      43
      38
      48
      42
      42
      44
      59
      38
      47
      44
      33
      45
      56
      55
      37
      51
      40
      51
      47
      48
      45
      32
      48
      48
      44
      39
      39
      41
      41
      58
      29
      54
      43
      48
      37
      48
      32
      36
      32
      56
      35
      45
      52
      45
      44
      46
      50
      65
      59
      58
      52
      41
      73
      57
      61
      69
      56
      61
      61
      72
      75
      72
      64
      81
      58
      70
      59
      59
      59
      65
      47
      57
      45
      53
      54
      51
      46
      50
      50
      59
      52
      43
      42
      63
      36
      39
      44
      51
      50
      50
      43
      42
      37
      37
      41
      39
      34
      34
      43
      37
      44
      44
      54
      38
      31
      47
      40
      45
      35
      33
      38
      47
      45
      43
      35
      51
      49
      41
      43
      35
      44
      33
      43
      35
      40
      28
      35
      52
      35
      37
      43
      43
      34
      49
      50
      36
      31
      38
      55
      50
      38
      35
      42
      52
      47
      44
      31
      36
      40
      38
      51
      28
      37
      49
      49
      42
      48
      47
      44
      41
      45
      50
      45
      55
      40
      41
      39
      33
      49
      36
      38
      43
      28
      39
      43
      44
      39
      42
      39
      41
      40
      45
      45
      34
      37
      45
      41
      40
      41
      53
      46
      39
      49
      40
      47
      48
      57
      51
      43
      47
      53
      43
      31
      48
      56
      50
      40
      32
      48
      40
      34
      46
      36
      46
      43
      46
      43
      52
      48
      40
      43
      38
      55
      51
      39
      38
      38
      40
      48
      33
      38
      44
      32
      40
      24
      35
      32
      43
      39
      33
      41
      39
      41
      44
      33
      34
      39
      39
      44
      47
      33
      47
      46
      48
      49
      47
      47
      47
      50
      56
      32
      39
      46
      40
      40
      55
      63
      35
      43
      45
      62
      53
      51
      63
      57
      74
      63
      53
      75
      84
      91
      84
     142
     141
     130
     159
     178
     231
     272
     294
     363
     441
     522
     647
     719
     919
    1103
    1267
    1490
    1665
    1873
    2041
    2198
    2371
    2474
    2525
    2635
    2549
    2572
    2454
    2227
    2217
    1954
    1829
    1596
    1420
    1129
    1018
     856
     689
     563
     424
     357
     250
     190
     164
     123
      97
      86
      76
      64
      47
      44
      52
      43
      41
      30
      56
      41
      40
      24
      40
      45
      24
      40
      34
      42
      30
      46
      40
      40
      39
      46
      33
      41
      34
      44
      39
      44
      36
      44
      42
      34
      43
      37
      24
      43
      42
      44
      39
      35
      38
      36
      32
      43
      48
      27
      33
      29
      42
      39
      32
      40
      31
      36
      38
      33
      35
      30
      38
      32
      31
      34
      34
      36
      25
      38
      41
      36
      38
      31
      40
      37
      26
      23
      37
      33
      39
      41
      30
      31
      33
      37
      35
      41
      34
      36
      41
      34
      23
      34
      40
      17
      39
      34
      21
      31
      26
      26
      32
      31
      42
      26
      34
      35
      33
      45
      38
      34
      32
      37
      35
      32
      29
      24
      25
      38
      33
      35
      35
      35
      37
      31
      29
      43
      22
      48
      33
      20
      32
      38
      35
      34
      42
      33
      40
      48
      39
      23
      25
      32
      32
      36
      20
      32
      31
      39
      40
      48
      46
      26
      37
      46
      47
      41
      40
      32
      39
      33
      30
      34
      35
      41
      33
      29
      29
      28
      39
      44
      28
      41
      30
      34
      32
      40
      31
      30
      51
      32
      37
      37
      37
      44
      38
      32
      32
      42
      32
      30
      29
      33
      46
      31
      34
      30
      31
      34
      43
      39
      28
      35
      21
      29
      27
      37
      26
      44
      39
      28
      38
      36
      31
      35
      36
      31
      45
      30
      24
      30
      28
      25
      28
      38
      36
      32
      32
      35
      43
      34
      40
      32
      42
      34
      41
      55
      24
      33
      37
      29
      39
      37
      41
      27
      24
      33
      30
      29
      35
      36
      29
      34
      31
      31
      37
      27
      36
      23
      24
      33
      41
      38
      37
      39
      34
      35
      31
      29
      33
      40
      39
      32
      33
      27
      33
      22
      35
      27
      35
      33
      29
      29
      39
      34
      41
      40
      30
      32
      45
      23
      32
      30
      18
      33
      27
      28
      38
      31
      39
      31
      38
      39
      29
      40
      33
      31
      17
      44
      38
      31
      35
      40
      38
      37
      37
      25
      31
      39
      33
      36
      31
      38
      35
      31
      44
      31
      42
      41
      31
      35
      25
      33
      36
      40
      34
      29
      30
      38
      31
      28
      29
      28
      29
      29
      22
      31
      33
      39
      36
      38
      25
      29
      38
      37
      37
      18
      45
      29
      27
      29
      39
      24
      31
      35
      37
      41
      31
      35
      25
      28
      26
      27
      31
      31
      29
      24
      26
      30
      26
      37
      29
      39
      28
      34
      32
      39
      28
      34
      31
      31
      33
      32
      36
      29
      41
      34
      36
      43
      29
      34
      38
      43
      28
      30
      47
      32
      29
      34
      35
      36
      36
      29
      44
      42
      44
      30
      39
      46
      33
      25
      29
      41
      31
      26
      39
      42
      31
      47
      42
      37
      47
      31
      34
      50
      42
      56
      53
      60
      69
      66
      71
      71
      82
      82
      89
     111
      97
      89
      94
     120
     101
      84
      84
      82
      86
      84
      79
      67
      70
      71
      38
      55
      55
      44
      33
      50
      40
      34
      42
      45
      32
      28
      32
      33
      43
      32
      39
      37
      35
      35
      41
      29
      31
      32
      25
      37
      29
      26
      28
      27
      24
      32
      27
      32
      33
      29
      36
      36
      40
      33
      29
      23
      39
      32
      33
      33
      26
      35
      35
      26
      26
      35
      33
      33
      32
      32
      32
      33
      26
      28
      25
      38
      22
      38
      30
      27
      46
      29
      37
      40
      27
      30
      39
      32
      34
      27
      20
      27
      29
      34
      30
      30
      24
      41
      30
      35
      34
      40
      35
      42
      28
      42
      39
      35
      38
      36
      37
      33
      30
      29
      32
      15
      30
      42
      42
      34
      29
      36
      28
      25
      32
      32
      29
      36
      34
      44
      21
      24
      32
      32
      29
      35
      36
      32
      30
      43
      28
      34
      28
      31
      41
      32
      47
      34
      40
      35
      32
      37
      30
      31
      42
      38
      34
      29
      36
      39
      35
      31
      34
      34
      31
      39
      23
      42
      29
      29
      27
      39
      36
      35
      35
      18
      38
      35
      31
      41
      31
      30
      30
      41
      29
      41
      34
      21
      30
      26
      28
      41
      39
      22
      37
      36
      29
      42
      34
      38
      41
      29
      33
      37
      25
      35
      38
      33
      24
      36
      33
      40
      38
      28
      32
      27
      32
      37
      28
      27
      37
      31
      26
      34
      35
      24
      32
      28
      39
      27
      41
      31
      27
      27
      27
      26
      36
      33
      33
      26
      46
      37
      27
      36
      22
      36
      44
      29
      42
      27
      25
      30
      27
      36
      28
      32
      25
      33
      28
      29
      37
      37
      37
      35
      32
      46
      17
      24
      36
      37
      28
      38
      28
      38
      41
      41
      31
      34
      28
      29
      41
      43
      35
      36
      30
      30
      27
      24
      44
      30
      32
      33
      39
      27
      25
      38
      31
      31
      25
      33
      41
      36
      37
      35
      39
      38
      50
      45
      42
      35
      31
      41
      55
      45
      57
      52
      49
      61
      63
      50
      46
      60
      53
      54
      60
      46
      49
      57
      46
      46
      34
      43
      49
      47
      33
      37
      40
      37
      41
      34
      40
      34
      35
      30
      30
      40
      44
      29
      31
      25
      30
      29
      37
      29
      38
      38
      38
      36
      35
      25
      33
      27
      43
      46
      34
      31
      23
      43
      39
      30
      38
      39
      31
      42
      33
      36
      26
      37
      40
      32
      31
      37
      23
      25
      30
      37
      29
      24
      31
      26
      34
      36
      22
      34
      32
      43
      22
      33
      38
      36
      27
      34
      28
      25
      24
      33
      31
      37
      34
      32
      26
      37
      25
      36
      27
      26
      29
      27
      32
      30
      21
      37
      23
      34
      35
      39
      27
      37
      36
      28
      29
      29
      20
      32
      38
      26
      29
      41
      30
      35
      34
      34
      33
      21
      31
      28
      34
      37
      31
      39
      43
      42
      26
      55
      51
      41
      56
      49
      45
      43
      46
      34
      44
      37
      59
      51
      45
      45
      33
      37
      44
      36
      46
      35
      41
      36
      32
      45
      38
      25
      34
      32
      27
      36
      29
      26
      35
      41
      42
      33
      31
      22
      21
      31
      34
      43
      38
      34
      37
      35
      30
      43
      31
      29
      33
      30
      35
      32
      27
      37
      25
      41
      33
      21
      29
      38
      33
      27
      38
      26
      31
      23
      23
      36
      35
      26
      40
      34
      31
      34
      30
      32
      25
      32
      32
      34
      38
      38
      23
      40
      34
      32
      28
      38
      32
      33
      30
      25
      28
      51
      33
      39
      36
      47
      38
      35
      29
      34
      42
      34
      30
      37
      24
      39
      35
      25
      34
      32
      41
      27
      46
      31
      33
      31
      30
      28
      34
      28
      19
      36
      34
      32
      37
      27
      32
      34
      33
      18
      33
      36
      29
      38
      38
      27
      36
      29
      24
      31
      31
      32
      28
      41
      42
      24
      24
      29
      41
      37
      39
      21
      33
      43
      16
      26
      45
      28
      41
      31
      29
      30
      30
      32
      31
      40
      25
      34
      29
      35
      35
      33
      34
      29
      36
      47
      34
      22
      45
      42
      39
      40
      44
      59
      39
      44
      46
      52
      39
      51
      55
      51
      48
      48
      52
      41
      45
      48
      32
      42
      52
      50
      32
      40
      36
      41
      50
      28
      34
      30
      39
      35
      43
      35
      30
      36
      31
      34
      32
      22
      38
      34
      30
      24
      36
      34
      27
      28
      44
      32
      25
      27
      19
      23
      15
      34
      33
      32
      26
      30
      38
      32
      33
      28
      27
      30
      39
      27
      37
      21
      35
      42
      23
      34
      24
      31
      34
      32
      32
      24
      26
      26
      34
      20
      30
      30
      40
      27
      36
      21
      26
      29
      41
      27
      33
      31
      44
      34
      42
      32
      44
      21
      27
      30
      32
      37
      30
      37
      42
      31
      35
      35
      24
      31
      34
      39
      27
      27
      23
      29
      34
      44
      33
      38
      36
      25
      39
      36
      30
      32
      32
      23
      27
      33
      39
      31
      31
      24
      40
      28
      26
      35
      25
      36
      28
      21
      31
      27
      33
      34
      29
      31
      33
      27
      34
      28
      36
      35
      30
      17
      31
      27
      31
      30
      23
      28
      20
      36
      34
      30
      34
      21
      39
      24
      27
      31
      25
      36
      32
      33
      36
      32
      39
      32
      38
      36
      30
      31
      28
      28
      25
      41
      42
      34
      35
      42
      37
      41
      47
      36
      36
      47
      59
      45
      50
      56
      63
      48
      66
      71
      80
      73
      85
     103
      82
      91
     116
     144
     139
     158
     172
     182
     164
     157
     228
     198
     180
     214
     233
     216
     182
     195
     224
     183
     193
     148
     160
     160
     129
     118
     121
     117
      89
      88
      69
      59
      66
      56
      39
      43
      33
      33
      33
      36
      23
      29
      34
      38
      37
      27
      30
      41
      28
      25
      27
      33
      23
      32
      24
      22
      26
      25
      34
      33
      27
      35
      28
      27
      31
      25
      21
      31
      33
      33
      37
      25
      29
      29
      30
      33
      23
      28
      24
      24
      27
      30
      29
      25
      24
      21
      33
      29
      24
      34
      23
      35
      34
      26
      23
      33
      31
      38
      26
      35
      34
      38
      33
      27
      21
      35
      30
      37
      30
      34
      37
      33
      37
      28
      30
      27
      32
      30
      26
      29
      24
      21
      30
      27
      44
      34
      36
      27
      31
      30
      35
      39
      34
      38
      29
      30
      44
      35
      28
      29
      59
      37
      35
      30
      31
      36
      33
      31
      63
      51
      61
      51
      53
      68
      69
      57
      62
      72
      74
      76
      81
      67
      71
      63
      59
      67
      62
      73
      63
      69
      71
      65
      53
      58
      40
      41
      53
      38
      39
      31
      25
      37
      29
      26
      38
      31
      27
      35
      25
      23
      26
      48
      33
      21
      33
      34
      39
      40
      27
      26
      30
      27
      29
      29
      23
      33
      35
      27
      23
      23
      31
      27
      25
      25
      22
      31
      24
      30
      26
      30
      30
      16
      27
      28
      20
      28
      29
      29
      34
      29
      31
      29
      26
      22
      33
      34
      42
      30
      30
      25
      37
      42
      35
      28
      34
      40
      20
      32
      25
      28
      36
      29
      36
      23
      39
      28
      23
      30
      30
      18
      41
      37
      31
      26
      37
      29
      33
      28
      32
      35
      25
      24
      30
      28
      25
      20
      29
      31
      33
      33
      32
      31
      35
      31
      28
      27
      33
      32
      27
      32
      28
      29
      24
      26
      40
      38
      32
      30
      36
      29
      25
      40
      35
      34
      34
      30
      34
      27
      34
      36
      18
      35
      31
      31
      39
      40
      34
      36
      51
      50
      47
      50
      38
      51
      69
      49
      61
      74
      67
      69
      81
      76
      64
      69
      64
      65
      63
      66
      49
      62
      73
      51
      54
      55
      52
      55
      47
      41
      33
      42
      33
      32
      25
      33
      34
      19
      33
      47
      21
      31
      31
      34
      37
      29
      21
      25
      33
      35
      22
      29
      32
      35
      30
      30
      31
      33
      20
      24
      34
      26
      23
      20
      30
      30
      37
      23
      32
      36
      26
      35
      32
      20
      30
      30
      36
      31
      35
      31
      24
      34
      25
      33
      28
      31
      28
      37
      36
      28
      34
      30
      29
      26
      36
      24
      32
      41
      34
      31
      36
      35
      33
      40
      37
      21
      27
      23
      29
      35
      31
      33
      30
      26
      24
      29
      32
      38
      27
      26
      19
      28
      33
      39
      37
      29
      22
      40
      42
      38
      38
      29
      42
      40
      33
      47
      32
      48
      30
      43
      43
      39
      38
      29
      44
      33
      38
      33
      35
      34
      23
      24
      41
      33
      27
      24
      35
      31
      35
      27
      39
      30
      27
      30
      25
      36
      40
      28
      33
      26
      38
      35
      40
      35
      34
      41
      28
      34
      36
      32
      33
      41
      26
      38
      38
      34
      33
      30
      41
      35
      32
      35
      28
      39
      38
      35
      33
      34
      32
      29
      33
      38
      20
      24
      19
      33
      38
      23
      27
      39
      29
      23
      27
      36
      32
      39
      24
      35
      30
      37
      29
      40
      26
      31
      31
      35
      33
      30
      35
      34
      33
      34
      29
      30
      49
      37
      36
      30
      36
      40
      42
      43
      37
      42
      37
      33
      35
      28
      47
      29
      32
      38
      28
      27
      40
      28
      29
      37
      34
      41
      38
      34
      38
      32
      32
      33
      29
      34
      35
      29
      33
      36
      31
      39
      35
      34
      49
      41
      36
      28
      29
      33
      40
      46
      47
      53
      50
      60
      63
      49
      45
      45
      50
      49
      55
      63
      44
      55
      36
      40
      27
      45
      43
      34
      34
      29
      31
      26
      38
      31
      28
      33
      24
      22
      29
      23
      31
      37
      27
      41
      32
      41
      34
      29
      25
      30
      33
      41
      42
      29
      40
      20
      31
      32
      20
      34
      30
      29
      22
      31
      30
      26
      32
      32
      29
      33
      30
      27
      37
      28
      28
      26
      32
      45
      34
      32
      34
      27
      34
      40
      33
      27
      29
      31
      27
      27
      30
      40
      23
      23
      39
      27
      41
      26
      29
      44
      26
      36
      29
      28
      31
      33
      31
      20
      37
      31
      27
      33
      38
      30
      27
      26
      27
      36
      38
      33
      29
      30
      33
      27
      28
      35
      24
      32
      32
      30
      33
      27
      39
      33
      34
      25
      18
      25
      25
      24
      31
      31
      25
      38
      41
      27
      33
      31
      38
      25
      34
      33
      31
      47
      30
      32
      32
      28
      32
      29
      18
      35
      29
      24
      23
      40
      36
      37
      30
      32
      28
      28
      31
      26
      39
      27
      28
      34
      37
      25
      35
      24
      29
      34
      32
      24
      30
      36
      24
      24
      27
      32
      33
      27
      33
      21
      32
      27
      39
      28
      32
      42
      31
      29
      35
      24
      26
      33
      30
      31
      27
      28
      39
      34
      37
      33
      36
      29
      39
      32
      35
      21
      30
      26
      25
      34
      24
      32
      32
      33
      28
      22
      24
      30
      24
      31
      32
      27
      33
      29
      27
      43
      29
      17
      24
      30
      40
      29
      34
      30
      33
      23
      37
      35
      32
      25
      30
      27
      34
      31
      39
      37
      42
      21
      32
      30
      36
      29
      33
      29
      21
      33
      36
      27
      35
      30
      26
      26
      26
      28
      34
      23
      29
      33
      32
      35
      40
      26
      24
      24
      31
      27
      45
      36
      37
      21
      39
      43
      34
      36
      25
      31
      32
      38
      30
      29
      36
      41
      33
      29
      35
      31
      29
      33
      27
      36
      28
      23
      41
      28
      30
      36
      30
      33
      27
      32
      47
      34
      41
      32
      32
      25
      22
      28
      31
      28
      33
      32
      28
      27
      27
      36
      38
      23
      19
      33
      30
      29
      33
      30
      34
      35
      31
      39
      32
      32
      30
      34
      28
      27
      19
      37
      32
      32
      35
      29
      39
      33
      26
      33
      40
      34
      32
      33
      41
      17
      38
      39
      26
      24
      34
      39
      43
      29
      36
      28
      33
      42
      42
      31
      39
      40
      35
      34
      25
      46
      23
      35
      23
      35
      30
      30
      31
      29
      41
      27
      32
      29
      33
      36
      28
      17
      36
      38
      37
      47
      23
      30
      32
      31
      40
      27
      29
      36
      34
      38
      31
      41
      24
      27
      24
      38
      28
      40
      28
      37
      34
      37
      30
      43
      31
      33
      36
      45
      25
      28
      36
      35
      17
      35
      33
      30
      34
      32
      31
      39
      30
      43
      33
      33
      28
      34
      40
      41
      27
      30
      38
      29
      38
      33
      22
      35
      33
      29
      27
      32
      36
      22
      35
      45
      44
      34
      33
      19
      25
      29
      33
      28
      30
      27
      41
      42
      37
      36
      24
      37
      34
      23
      30
      37
      40
      44
      34
      36
      34
      33
      27
      31
      33
      39
      35
      30
      26
      33
      31
      39
      39
      32
      32
      39
      34
      28
      45
      43
      29
      32
      36
      31
      28
      36
      24
      43
      23
      47
      44
      36
      43
      35
      30
      26
      24
      36
      35
      31
      32
      36
      34
      34
      34
      36
      27
      37
      28
      31
      27
      31
      32
      37
      32
      39
      37
      46
      35
      35
      33
      41
      32
      31
      35
      41
      38
      39
      30
      44
      22
      32
      30
      36
      32
      27
      32
      32
      32
      39
      38
      23
      21
      32
      29
      35
      28
      40
      39
      27
      32
      30
      25
      34
      17
      37
      41
      37
      35
      35
      31
      32
      31
      34
      29
      33
      34
      40
      36
      21
      30
      27
      25
      37
      27
      34
      33
      42
      29
      33
      35
      33
      30
      31
      31
      34
      26
      30
      34
      28
      31
      31
      29
      29
      32
      29
      37
      29
      34
      27
      22
      29
      36
      28
      38
      28
      27
      28
      29
      26
      23
      26
      26
      34
      30
      34
      33
      27
      24
      43
      33
      37
      18
      33
      29
      34
      27
      27
      26
      23
      40
      22
      39
      31
      23
      34
      21
      32
      27
      31
      31
      31
      25
      28
      25
      24
      30
      29
      29
      27
      19
      24
      24
      27
      25
      23
      37
      28
      28
      26
      24
      23
      27
      29
      40
      32
      32
      28
      24
      21
      27
      25
      21
      26
      27
      31
      32
      26
      28
      30
      22
      20
      26
      14
      32
      23
      23
      20
      25
      26
      27
      28
      28
      24
      26
      41
      25
      32
      35
      29
      27
      38
      31
      31
      32
      36
      23
      29
      33
      29
      27
      39
      30
      28
      25
      26
      24
      31
      23
      24
      27
      26
      24
      34
      22
      27
      29
      22
      22
      30
      34
      30
      36
      29
      44
      21
      34
      26
      36
      34
      26
      40
      33
      31
      29
      40
      43
      44
      49
      55
      45
      47
      59
      60
      55
      70
      80
      75
      79
      70
      87
      90
      90
      99
      97
     109
     123
     113
     108
     123
     115
      96
     109
      90
     103
      95
      82
      88
      88
      69
      67
      63
      57
      59
      39
      48
      50
      39
      34
      25
      29
      29
      28
      30
      28
      25
      29
      27
      25
      26
      31
      28
      29
      33
      32
      25
      35
      29
      21
      26
      41
      31
      33
      16
      30
      32
      29
      29
      27
      15
      27
      22
      22
      22
      30
      11
      22
      23
      29
      21
      27
      23
      23
      26
      28
      18
      32
      27
      29
      31
      19
      32
      24
      42
      33
      21
      30
      32
      32
      28
      23
      26
      23
      17
      23
      34
      23
      30
      19
      21
      29
      29
      19
      35
      27
      32
      25
      17
      30
      27
      27
      24
      21
      31
      19
      25
      22
      21
      18
      31
      22
      19
      27
      23
      29
      23
      35
      26
      19
      24
      31
      17
      36
      26
      29
      17
      15
      29
      23
      23
      24
      30
      28
      21
      15
      25
      23
      26
      24
      25
      27
      41
      38
      37
      23
      31
      30
      38
      19
      26
      22
      18
      25
      22
      16
     288
     587
     633
     589
     603
     564
     590
     637
     593
     587
     609
     615
     614
     578
     625
     582
     649
     610
     599
     621
     620
     590
     596
     580
     601
     579
     636
     647
     610
     610
     627
     577
     545
     596
     600
     581
     571
     594
     602
     613
     598
     594
     586
     616
     595
     619
     595
     544
     577
     557
     572
     621
     575
     613
     614
     599
     651
     582
     597
     581
     581
     585
     534
     569
     578
     590
     558
     572
     586
     606
     580
     621
     579
     577
     611
     599
     584
     575
     600
     580
     601
     582
     566
     570
     551
     599
     634
     557
     569
     639
     588
     580
     556
     586
     611
     602
     605
     604
     576
     566
     572
     579
     595
     565
     630
     580
     565
     570
     591
     536
     629
     596
     614
     607
     590
     594
     568
     610
     576
     584
     576
     560
     572
     548
     596
     561
     585
     549
     546
     585
     583
     579
     558
     541
     564
     598
     529
     541
     571
     562
     585
     604
     597
     538
     569
     560
     579
     596
     576
     570
     570
     562
     531
     560
     524
     564
     558
     605
     554
     549
     520
     538
     577
     591
     554
     555
     579
     536
     556
     566
     567
     534
     532
     534
     597
     558
     562
     569
     553
     515
     552
     598
     550
     577
     283
$ROI:
0
$PRESETS:
None
0
0
$ENER_FIT:
0.000000 0.000000
$MCA_CAL:
3
0.000000E+000 0.000000E+000 0.000000E+000 
$SHAPE_CAL:
3
0.000000E+000 0.000000E+000 0.000000E+000
