$SPEC_ID:
No sample description was entered.
$SPEC_REM:
DET# 1
DETDESC# PHYSPRAK3 926
AP# Maestro Version 7.01
$DATE_MEA:
01/19/2026 13:17:04
$MEAS_TIM:
90920 90920
$DATA:
0 511
       0
       0
       0
       0
      27
      39
      36
      29
      35
      33
      27
      26
      21
      24
      24
      24
      21
      20
      29
      24
      30
      39
      63
      45
      33
      32
      37
      26
      25
      28
      23
      18
      23
      18
      32
      26
      11
      22
      17
      23
      10
      21
      18
      18
      22
      22
      17
      13
      16
      29
      20
      19
      18
      23
      31
      18
      12
      13
      16
      18
      19
      14
      16
      16
      16
      20
      21
      14
      21
      19
      16
      15
      14
      15
      18
      15
      10
      21
      10
      18
       9
      13
      10
      17
       8
      12
      13
      17
      15
      15
      11
      13
      10
      16
       8
      13
      11
       8
      10
       8
      10
       6
       9
      11
       6
      18
       6
       9
      15
      12
       9
       9
      14
      11
      12
       8
       4
       5
       3
      14
       5
       5
       7
       4
       8
      13
       9
      14
      10
       9
       7
       2
      12
       6
       7
      12
       6
       7
       6
       9
       5
       7
       9
       5
       7
       5
       7
       6
      10
      14
      12
      12
       8
       8
       6
       7
       7
       5
      12
       5
       9
       6
       5
       5
       4
       2
       7
       2
       9
       6
       7
       5
       8
       4
       8
       3
      11
       8
       2
       6
       6
       1
       4
       5
       6
       6
       3
       2
      10
       8
       4
       4
       4
       7
       2
       7
       5
       4
       4
       3
       8
       4
       6
       7
       2
       5
       3
       1
       2
       2
       3
       6
       2
       6
       2
       1
       6
       6
       3
       0
       5
       3
       2
       0
       4
       5
       0
       0
       0
       0
       0
       0
       0
       0
       0
       0
       0
       0
       0
       0
       0
       0
       0
       0
       0
       0
       0
       0
       0
       0
       0
       0
       0
       0
       0
       0
       0
       0
       0
       0
       0
       0
       0
       0
       0
       0
       0
       0
       0
       0
       0
       0
       0
       0
       0
       0
       0
       0
       0
       0
       0
       0
       0
       0
       0
       0
       0
       0
       0
       0
       0
       0
       0
       0
       0
       0
       0
       0
       0
       0
       0
       0
       0
       0
       0
       0
       0
       0
       0
       0
       0
       0
       0
       0
       0
       0
       0
       0
       0
       0
       0
       0
       0
       0
       0
       0
       0
       0
       0
       0
       0
       0
       0
       0
       0
       0
       0
       0
       0
       0
       0
       0
       0
       0
       0
       0
       0
       0
       0
       0
       0
       0
       0
       0
       0
       0
       0
       0
       0
       0
       0
       0
       0
       0
       0
       0
       0
       0
       0
       0
       0
       0
       0
       0
       0
       0
       0
       0
       0
       0
       0
       0
       0
       0
       0
       0
       0
       0
       0
       0
       0
       0
       0
       0
       0
       0
       0
       0
       0
       0
       0
       0
       0
       0
       0
       0
       0
       0
       0
       0
       0
       0
       0
       0
       0
       0
       0
       0
       0
       0
       0
       0
       0
       0
       0
       0
       0
       0
       0
       0
       0
       0
       0
       0
       0
       0
       0
       0
       0
       0
       0
       0
       0
       0
       0
       0
       0
       0
       0
       0
       0
       0
       0
       0
       0
       0
       0
       0
       0
       0
       0
       0
       0
       0
       0
       0
       0
       0
       0
       0
       0
       0
       0
       0
       0
       0
       0
       0
       0
       0
       0
       0
       0
       0
       0
       0
       0
       0
       0
       0
       0
       0
       0
       0
       0
       0
       0
       0
       0
       0
       0
       0
       0
       0
       0
       0
       0
       0
       0
       0
       0
       0
$ROI:
1
10 32
$PRESETS:
None
0
0
$ENER_FIT:
0.000000 0.000000
$MCA_CAL:
3
0.000000E+000 0.000000E+000 0.000000E+000 
$SHAPE_CAL:
3
0.000000E+000 0.000000E+000 0.000000E+000
